-1	-2	-2	-1	-1	-1	
-1	-1	-1	-1	-1	-1	
-1	-1	-1	-1	-1	-1	
-1	-1	-1	-1	-1	-1	
-1	-1	-1	-1	-1	-1	
-1	-1	-1	-1	-1	-1	
-1	-1	-1	-1	-1	-1	
-1	-1	-1	-1	-1	-1	
-1	-1	-1	-1	-1	-1	
-1	-1	-1	-1	-1	-1	
-1	-1	-1	-1	-1	-1	
-1	-1	-1	-1	-1	-1	
-1	-1	-1	-1	-1	-1	
-1	-1	-1	-1	-1	-1	
-1	-1	-1	-1	-1	-1	
-1	-1	-1	-1	-1	-1	
-1	-1	-1	-1	-1	-1	
-1	-1	-1	-1	-1	-1	
-1	-1	-1	-1	-1	-1	
-1	-1	-1	-1	-1	-1	
-1	-1	-1	-1	-1	-1	
-1	-1	-1	-1	-1	-1	
-1	-1	-1	-1	-1	-1	
-1	-1	-1	-1	-1	-1	
-1	-1	-1	-1	-1	-1	
-1	-2	-1	-1	-1	-1	
-1	-1	-1	-1	-1	-1	
-1	-1	-1	-1	-1	-1	
-1	-1	-1	-1	-1	-1	
-1	-1	-1	-1	-1	-1	
-1	-1	-1	-1	-1	-1	
-1	-1	-1	-1	-1	-1	
-1	-1	-1	-1	-1	-1	
-1	-1	-1	-1	-1	-1	
-1	-1	-1	-1	-1	-1	
-1	-1	-1	-1	-1	-1	
-1	-1	-1	-1	-1	-1	
-1	-1	-1	-1	-1	-1	
-1	-1	-1	-1	-1	-1	
-1	-1	-1	-1	-1	-1	
-1	-1	-1	-1	-1	-1	
-1	-1	-1	-1	-1	-1	
-1	-1	-1	-1	-1	-1	
-1	-1	-1	-1	-1	-1	
-1	-1	-1	-1	-1	-1	
-1	-1	-1	-1	-1	-1	
-1	-1	-1	-1	-1	-1	
-1	-1	-1	-1	-1	-1	
-1	-1	-1	-1	-1	-1	
-1	-1	-1	-1	-1	-1	
-1	-2	-1	-1	-1	-1	
-1	-1	-1	-1	-1	-1	
-1	-1	-1	-1	-1	-1	
-1	-1	-1	-1	-1	-1	
-1	-1	-1	-1	-1	-1	
-1	-1	-1	-1	-1	-1	
-1	-1	-1	-1	-1	-1	
-1	-1	-1	-1	-1	-1	
-1	-1	-1	-1	-1	-1	
-1	-1	-1	-1	-1	-1	
-1	-1	-1	-1	-1	-1	
-1	-1	-1	-1	-1	-1	
-1	-1	-1	-1	-1	-1	
-1	-1	-1	-1	-1	-1	
-1	-1	-1	-1	-1	-1	
-1	-1	-1	-1	-1	-1	
-1	-1	-1	-1	-1	-1	
-1	-1	-1	-1	-1	-1	
-1	-1	-1	-1	-1	-1	
-1	-1	-1	-1	-1	-1	
-1	-1	-1	-1	-1	-1	
-1	-1	-1	-1	-1	-1	
-1	-1	-1	-1	-1	-1	
-1	-1	-1	-1	-1	-1	
-1	-1	-1	-1	-1	-1	
-1	-2	-1	-1	-1	-1	
-1	-1	-1	-1	-1	-1	
-1	-1	-1	-1	-1	-1	
-1	-1	-1	-1	-1	-1	
-1	-1	-1	-1	-1	-1	
-1	-1	-1	-1	-1	-1	
-1	-1	-1	-1	-1	-1	
-1	-1	-1	-1	-1	-1	
-1	-1	-1	-1	-1	-1	
-1	-1	-1	-1	-1	-1	
-1	-1	-1	-1	-1	-1	
-1	-1	-1	-1	-1	-1	
-1	-1	-1	-1	-1	-1	
-1	-1	-1	-1	-1	-1	
-1	-1	-1	-1	-1	-1	
-1	-1	-1	-1	-1	-1	
-1	-1	-1	-1	-1	-1	
-1	-1	-1	-1	-1	-1	
-1	-1	-1	-1	-1	-1	
-1	-1	-1	-1	-1	-1	
-1	-1	-1	-1	-1	-1	
-1	-1	-1	-1	-1	-1	
-1	-1	-1	-1	-1	-1	
-1	-1	-1	-1	-1	-1	
-1	-1	-1	-1	-1	-1	
837	-2	-1	-1	-1	-1	
-1	-1	-1	-1	-1	-1	
-1	-1	-1	-1	-1	-1	
-1	-1	-1	-1	-1	-1	
-1	-1	-1	-1	-1	-1	
-1	-1	-1	-1	-1	-1	
-1	-1	-1	-1	-1	-1	
-1	-1	-1	-1	-1	-1	
-1	-1	-1	-1	-1	-1	
-1	-1	-1	-1	-1	-1	
-1	-1	-1	-1	-1	-1	
-1	-1	-1	-1	-1	-1	
-1	-1	-1	-1	-1	-1	
-1	-1	-1	-1	-1	-1	
-1	-1	-1	-1	-1	-1	
-1	-1	-1	-1	-1	-1	
-1	-1	-1	-1	-1	-1	
-1	-1	-1	-1	-1	-1	
-1	-1	-1	-1	-1	-1	
-1	-1	-1	-1	-1	-1	
-1	-1	-1	-1	-1	-1	
-1	-1	-1	-1	-1	-1	
-1	-1	-1	-1	-1	-1	
-1	-1	-1	-1	-1	-1	
-1	-1	-1	-1	-1	-1	
941	-2	-1	-1	-1	-1	
-1	-1	-1	-1	-1	-1	
-1	-1	-1	-1	-1	-1	
-1	-1	-1	-1	-1	-1	
-1	-1	-1	-1	-1	-1	
-1	-1	-1	-1	-1	-1	
-1	-1	-1	-1	-1	-1	
-1	-1	-1	-1	-1	-1	
-1	-1	-1	-1	-1	-1	
-1	-1	-1	-1	-1	-1	
-1	-1	-1	-1	-1	-1	
-1	-1	-1	-1	-1	-1	
-1	-1	-1	-1	-1	-1	
-1	-1	-1	-1	-1	-1	
-1	-1	-1	-1	-1	-1	
-1	-1	-1	-1	-1	-1	
-1	-1	-1	-1	-1	-1	
-1	-1	-1	-1	-1	-1	
-1	-1	-1	-1	-1	-1	
-1	-1	-1	-1	-1	-1	
-1	-1	-1	-1	-1	-1	
-1	-1	-1	-1	-1	-1	
-1	-1	-1	-1	-1	-1	
-1	-1	-1	-1	-1	-1	
-1	-1	-1	-1	-1	-1	
989	-2	-1	-1	-1	-1	
-1	-1	-1	-1	-1	-1	
-1	-1	-1	-1	-1	-1	
-1	-1	-1	-1	-1	-1	
-1	-1	-1	-1	-1	-1	
-1	-1	-1	-1	-1	-1	
-1	-1	-1	-1	-1	-1	
-1	-1	-1	-1	-1	-1	
-1	-1	-1	-1	-1	-1	
-1	-1	-1	-1	-1	-1	
-1	-1	-1	-1	-1	-1	
-1	-1	-1	-1	-1	-1	
-1	-1	-1	-1	-1	-1	
-1	-1	-1	-1	-1	-1	
-1	-1	-1	-1	-1	-1	
-1	-1	-1	-1	-1	-1	
-1	-1	-1	-1	-1	-1	
-1	-1	-1	-1	-1	-1	
-1	-1	-1	-1	-1	-1	
-1	-1	-1	-1	-1	-1	
-1	-1	-1	-1	-1	-1	
-1	-1	-1	-1	-1	-1	
-1	-1	-1	-1	-1	-1	
-1	-1	-1	-1	-1	-1	
-1	-1	-1	-1	-1	-1	
980	-2	-1	-1	-1	-1	
-1	-1	-1	-1	-1	-1	
-1	-1	-1	-1	-1	-1	
-1	-1	-1	-1	-1	-1	
-1	-1	-1	-1	-1	-1	
-1	-1	-1	-1	-1	-1	
-1	-1	-1	-1	-1	-1	
-1	-1	-1	-1	-1	-1	
-1	-1	-1	-1	-1	-1	
-1	-1	-1	-1	-1	-1	
-1	-1	-1	-1	-1	-1	
-1	-1	-1	-1	-1	-1	
-1	-1	-1	-1	-1	-1	
-1	-1	-1	-1	-1	-1	
-1	-1	-1	-1	-1	-1	
-1	-1	-1	-1	-1	-1	
-1	-1	-1	-1	-1	-1	
-1	-1	-1	-1	-1	-1	
-1	-1	-1	-1	-1	-1	
-1	-1	-1	-1	-1	-1	
-1	-1	-1	-1	-1	-1	
-1	-1	-1	-1	-1	-1	
-1	-1	-1	-1	-1	-1	
-1	-1	-1	-1	-1	-1	
-1	-1	-1	-1	-1	-1	
1029	-2	-1	-1	-1	-1	
-1	-1	-1	-1	-1	-1	
-1	-1	-1	-1	-1	-1	
-1	-1	-1	-1	-1	-1	
-1	-1	-1	-1	-1	-1	
-1	-1	-1	-1	-1	-1	
-1	-1	-1	-1	-1	-1	
-1	-1	-1	-1	-1	-1	
-1	-1	-1	-1	-1	-1	
-1	-1	-1	-1	-1	-1	
-1	-1	-1	-1	-1	-1	
-1	-1	-1	-1	-1	-1	
-1	-1	-1	-1	-1	-1	
-1	-1	-1	-1	-1	-1	
-1	-1	-1	-1	-1	-1	
-1	-1	-1	-1	-1	-1	
-1	-1	-1	-1	-1	-1	
-1	-1	-1	-1	-1	-1	
-1	-1	-1	-1	-1	-1	
-1	-1	-1	-1	-1	-1	
-1	-1	-1	-1	-1	-1	
-1	-1	-1	-1	-1	-1	
-1	-1	-1	-1	-1	-1	
-1	-1	-1	-1	-1	-1	
-1	-1	-1	-1	-1	-1	
1191	-2	-1	-1	-1	-1	
-1	-1	-1	-1	-1	-1	
-1	-1	-1	-1	-1	-1	
-1	-1	-1	-1	-1	-1	
-1	-1	-1	-1	-1	-1	
-1	-1	-1	-1	-1	-1	
-1	-1	-1	-1	-1	-1	
-1	-1	-1	-1	-1	-1	
-1	-1	-1	-1	-1	-1	
-1	-1	-1	-1	-1	-1	
-1	-1	-1	-1	-1	-1	
-1	-1	-1	-1	-1	-1	
-1	-1	-1	-1	-1	-1	
-1	-1	-1	-1	-1	-1	
-1	-1	-1	-1	-1	-1	
-1	-1	-1	-1	-1	-1	
-1	-1	-1	-1	-1	-1	
-1	-1	-1	-1	-1	-1	
-1	-1	-1	-1	-1	-1	
-1	-1	-1	-1	-1	-1	
-1	-1	-1	-1	-1	-1	
-1	-1	-1	-1	-1	-1	
-1	-1	-1	-1	-1	-1	
-1	-1	-1	-1	-1	-1	
-1	-1	-1	-1	-1	-1	
1469	-2	-1	-1	-1	-1	
-1	-1	-1	-1	-1	-1	
-1	-1	-1	-1	-1	-1	
-1	-1	-1	-1	-1	-1	
-1	-1	-1	-1	-1	-1	
-1	-1	-1	-1	-1	-1	
-1	-1	-1	-1	-1	-1	
-1	-1	-1	-1	-1	-1	
-1	-1	-1	-1	-1	-1	
-1	-1	-1	-1	-1	-1	
-1	-1	-1	-1	-1	-1	
-1	-1	-1	-1	-1	-1	
-1	-1	-1	-1	-1	-1	
-1	-1	-1	-1	-1	-1	
-1	-1	-1	-1	-1	-1	
-1	-1	-1	-1	-1	-1	
-1	-1	-1	-1	-1	-1	
-1	-1	-1	-1	-1	-1	
-1	-1	-1	-1	-1	-1	
-1	-1	-1	-1	-1	-1	
-1	-1	-1	-1	-1	-1	
-1	-1	-1	-1	-1	-1	
-1	-1	-1	-1	-1	-1	
-1	-1	-1	-1	-1	-1	
-1	-1	-1	-1	-1	-1	
1693	-2	-1	-1	-1	-1	
-1	-1	-1	-1	-1	-1	
-1	-1	-1	-1	-1	-1	
-1	-1	-1	-1	-1	-1	
-1	-1	-1	-1	-1	-1	
-1	-1	-1	-1	-1	-1	
-1	-1	-1	-1	-1	-1	
-1	-1	-1	-1	-1	-1	
-1	-1	-1	-1	-1	-1	
-1	-1	-1	-1	-1	-1	
-1	-1	-1	-1	-1	-1	
-1	-1	-1	-1	-1	-1	
-1	-1	-1	-1	-1	-1	
-1	-1	-1	-1	-1	-1	
-1	-1	-1	-1	-1	-1	
-1	-1	-1	-1	-1	-1	
-1	-1	-1	-1	-1	-1	
-1	-1	-1	-1	-1	-1	
-1	-1	-1	-1	-1	-1	
-1	-1	-1	-1	-1	-1	
-1	-1	-1	-1	-1	-1	
-1	-1	-1	-1	-1	-1	
-1	-1	-1	-1	-1	-1	
-1	-1	-1	-1	-1	-1	
-1	-1	-1	-1	-1	-1	
1755	-2	-1	-1	-1	-1	
-1	-1	-1	-1	-1	-1	
-1	-1	-1	-1	-1	-1	
-1	-1	-1	-1	-1	-1	
-1	-1	-1	-1	-1	-1	
-1	-1	-1	-1	-1	-1	
-1	-1	-1	-1	-1	-1	
-1	-1	-1	-1	-1	-1	
-1	-1	-1	-1	-1	-1	
-1	-1	-1	-1	-1	-1	
-1	-1	-1	-1	-1	-1	
-1	-1	-1	-1	-1	-1	
-1	-1	-1	-1	-1	-1	
-1	-1	-1	-1	-1	-1	
-1	-1	-1	-1	-1	-1	
-1	-1	-1	-1	-1	-1	
-1	-1	-1	-1	-1	-1	
-1	-1	-1	-1	-1	-1	
-1	-1	-1	-1	-1	-1	
-1	-1	-1	-1	-1	-1	
-1	-1	-1	-1	-1	-1	
-1	-1	-1	-1	-1	-1	
-1	-1	-1	-1	-1	-1	
-1	-1	-1	-1	-1	-1	
-1	-1	-1	-1	-1	-1	
1817	-2	-1	-1	-1	-1	
-1	-1	-1	-1	-1	-1	
-1	-1	-1	-1	-1	-1	
-1	-1	-1	-1	-1	-1	
-1	-1	-1	-1	-1	-1	
-1	-1	-1	-1	-1	-1	
-1	-1	-1	-1	-1	-1	
-1	-1	-1	-1	-1	-1	
-1	-1	-1	-1	-1	-1	
-1	-1	-1	-1	-1	-1	
-1	-1	-1	-1	-1	-1	
-1	-1	-1	-1	-1	-1	
-1	-1	-1	-1	-1	-1	
-1	-1	-1	-1	-1	-1	
-1	-1	-1	-1	-1	-1	
-1	-1	-1	-1	-1	-1	
-1	-1	-1	-1	-1	-1	
-1	-1	-1	-1	-1	-1	
-1	-1	-1	-1	-1	-1	
-1	-1	-1	-1	-1	-1	
-1	-1	-1	-1	-1	-1	
-1	-1	-1	-1	-1	-1	
-1	-1	-1	-1	-1	-1	
-1	-1	-1	-1	-1	-1	
-1	-1	-1	-1	-1	-1	
1824	-2	-1	-1	-1	-1	
-1	-1	-1	-1	-1	-1	
-1	-1	-1	-1	-1	-1	
-1	-1	-1	-1	-1	-1	
-1	-1	-1	-1	-1	-1	
-1	-1	-1	-1	-1	-1	
-1	-1	-1	-1	-1	-1	
-1	-1	-1	-1	-1	-1	
-1	-1	-1	-1	-1	-1	
-1	-1	-1	-1	-1	-1	
-1	-1	-1	-1	-1	-1	
-1	-1	-1	-1	-1	-1	
-1	-1	-1	-1	-1	-1	
-1	-1	-1	-1	-1	-1	
-1	-1	-1	-1	-1	-1	
-1	-1	-1	-1	-1	-1	
-1	-1	-1	-1	-1	-1	
-1	-1	-1	-1	-1	-1	
-1	-1	-1	-1	-1	-1	
-1	-1	-1	-1	-1	-1	
-1	-1	-1	-1	-1	-1	
-1	-1	-1	-1	-1	-1	
-1	-1	-1	-1	-1	-1	
-1	-1	-1	-1	-1	-1	
-1	-1	-1	-1	-1	-1	
1886	-2	-1	-1	-1	-1	
-1	-1	-1	-1	-1	-1	
-1	-1	-1	-1	-1	-1	
-1	-1	-1	-1	-1	-1	
-1	-1	-1	-1	-1	-1	
-1	-1	-1	-1	-1	-1	
-1	-1	-1	-1	-1	-1	
-1	-1	-1	-1	-1	-1	
-1	-1	-1	-1	-1	-1	
-1	-1	-1	-1	-1	-1	
-1	-1	-1	-1	-1	-1	
-1	-1	-1	-1	-1	-1	
-1	-1	-1	-1	-1	-1	
-1	-1	-1	-1	-1	-1	
-1	-1	-1	-1	-1	-1	
-1	-1	-1	-1	-1	-1	
-1	-1	-1	-1	-1	-1	
-1	-1	-1	-1	-1	-1	
-1	-1	-1	-1	-1	-1	
-1	-1	-1	-1	-1	-1	
-1	-1	-1	-1	-1	-1	
-1	-1	-1	-1	-1	-1	
-1	-1	-1	-1	-1	-1	
-1	-1	-1	-1	-1	-1	
-1	-1	-1	-1	-1	-1	
2059	-2	-1	-1	-1	-1	
-1	-1	-1	-1	-1	-1	
-1	-1	-1	-1	-1	-1	
-1	-1	-1	-1	-1	-1	
-1	-1	-1	-1	-1	-1	
-1	-1	-1	-1	-1	-1	
-1	-1	-1	-1	-1	-1	
-1	-1	-1	-1	-1	-1	
-1	-1	-1	-1	-1	-1	
-1	-1	-1	-1	-1	-1	
-1	-1	-1	-1	-1	-1	
-1	-1	-1	-1	-1	-1	
-1	-1	-1	-1	-1	-1	
-1	-1	-1	-1	-1	-1	
-1	-1	-1	-1	-1	-1	
-1	-1	-1	-1	-1	-1	
-1	-1	-1	-1	-1	-1	
-1	-1	-1	-1	-1	-1	
-1	-1	-1	-1	-1	-1	
-1	-1	-1	-1	-1	-1	
-1	-1	-1	-1	-1	-1	
-1	-1	-1	-1	-1	-1	
-1	-1	-1	-1	-1	-1	
-1	-1	-1	-1	-1	-1	
-1	-1	-1	-1	-1	-1	
2058	783	-1	-1	-1	-1	
-1	-1	-1	-1	-1	-1	
-1	-1	-1	-1	-1	-1	
-1	-1	-1	-1	-1	-1	
-1	-1	-1	-1	-1	-1	
-1	-1	-1	-1	-1	-1	
-1	-1	-1	-1	-1	-1	
-1	-1	-1	-1	-1	-1	
-1	-1	-1	-1	-1	-1	
-1	-1	-1	-1	-1	-1	
-1	-1	-1	-1	-1	-1	
-1	-1	-1	-1	-1	-1	
-1	-1	-1	-1	-1	-1	
-1	-1	-1	-1	-1	-1	
-1	-1	-1	-1	-1	-1	
-1	-1	-1	-1	-1	-1	
-1	-1	-1	-1	-1	-1	
-1	-1	-1	-1	-1	-1	
-1	-1	-1	-1	-1	-1	
-1	-1	-1	-1	-1	-1	
-1	-1	-1	-1	-1	-1	
-1	-1	-1	-1	-1	-1	
-1	-1	-1	-1	-1	-1	
-1	-1	-1	-1	-1	-1	
-1	-1	-1	-1	-1	-1	
1997	998	-1	-1	-1	-1	
-1	-1	-1	-1	-1	-1	
-1	-1	-1	-1	-1	-1	
-1	-1	-1	-1	-1	-1	
-1	-1	-1	-1	-1	-1	
-1	-1	-1	-1	-1	-1	
-1	-1	-1	-1	-1	-1	
-1	-1	-1	-1	-1	-1	
-1	-1	-1	-1	-1	-1	
-1	-1	-1	-1	-1	-1	
-1	-1	-1	-1	-1	-1	
-1	-1	-1	-1	-1	-1	
-1	-1	-1	-1	-1	-1	
-1	-1	-1	-1	-1	-1	
-1	-1	-1	-1	-1	-1	
-1	-1	-1	-1	-1	-1	
-1	-1	-1	-1	-1	-1	
-1	-1	-1	-1	-1	-1	
-1	-1	-1	-1	-1	-1	
-1	-1	-1	-1	-1	-1	
-1	-1	-1	-1	-1	-1	
-1	-1	-1	-1	-1	-1	
-1	-1	-1	-1	-1	-1	
-1	-1	-1	-1	-1	-1	
-1	-1	-1	-1	-1	-1	
1879	1217	-1	-1	-1	-1	
-1	-1	-1	-1	-1	-1	
-1	-1	-1	-1	-1	-1	
-1	-1	-1	-1	-1	-1	
-1	-1	-1	-1	-1	-1	
-1	-1	-1	-1	-1	-1	
-1	-1	-1	-1	-1	-1	
-1	-1	-1	-1	-1	-1	
-1	-1	-1	-1	-1	-1	
-1	-1	-1	-1	-1	-1	
-1	-1	-1	-1	-1	-1	
-1	-1	-1	-1	-1	-1	
-1	-1	-1	-1	-1	-1	
-1	-1	-1	-1	-1	-1	
-1	-1	-1	-1	-1	-1	
-1	-1	-1	-1	-1	-1	
-1	-1	-1	-1	-1	-1	
-1	-1	-1	-1	-1	-1	
-1	-1	-1	-1	-1	-1	
-1	-1	-1	-1	-1	-1	
-1	-1	-1	-1	-1	-1	
-1	-1	-1	-1	-1	-1	
-1	-1	-1	-1	-1	-1	
-1	-1	-1	-1	-1	-1	
-1	-1	-1	-1	-1	-1	
1816	1603	-1	-1	-1	-1	
-1	-1	-1	-1	-1	-1	
-1	-1	-1	-1	-1	-1	
-1	-1	-1	-1	-1	-1	
-1	-1	-1	-1	-1	-1	
-1	-1	-1	-1	-1	-1	
-1	-1	-1	-1	-1	-1	
-1	-1	-1	-1	-1	-1	
-1	-1	-1	-1	-1	-1	
-1	-1	-1	-1	-1	-1	
-1	-1	-1	-1	-1	-1	
-1	-1	-1	-1	-1	-1	
-1	-1	-1	-1	-1	-1	
-1	-1	-1	-1	-1	-1	
-1	-1	-1	-1	-1	-1	
-1	-1	-1	-1	-1	-1	
-1	-1	-1	-1	-1	-1	
-1	-1	-1	-1	-1	-1	
-1	-1	-1	-1	-1	-1	
-1	-1	-1	-1	-1	-1	
-1	-1	-1	-1	-1	-1	
-1	-1	-1	-1	-1	-1	
-1	-1	-1	-1	-1	-1	
-1	-1	-1	-1	-1	-1	
-1	-1	-1	-1	-1	-1	
1755	1991	-1	-1	-1	-1	
-1	-1	-1	-1	-1	-1	
-1	-1	-1	-1	-1	-1	
-1	-1	-1	-1	-1	-1	
-1	-1	-1	-1	-1	-1	
-1	-1	-1	-1	-1	-1	
-1	-1	-1	-1	-1	-1	
-1	-1	-1	-1	-1	-1	
-1	-1	-1	-1	-1	-1	
-1	-1	-1	-1	-1	-1	
-1	-1	-1	-1	-1	-1	
-1	-1	-1	-1	-1	-1	
-1	-1	-1	-1	-1	-1	
-1	-1	-1	-1	-1	-1	
-1	-1	-1	-1	-1	-1	
-1	-1	-1	-1	-1	-1	
-1	-1	-1	-1	-1	-1	
-1	-1	-1	-1	-1	-1	
-1	-1	-1	-1	-1	-1	
-1	-1	-1	-1	-1	-1	
-1	-1	-1	-1	-1	-1	
-1	-1	-1	-1	-1	-1	
-1	-1	-1	-1	-1	-1	
-1	-1	-1	-1	-1	-1	
-1	-1	-1	-1	-1	-1	
1918	2271	-1	-1	-1	-1	
-1	-1	-1	-1	-1	-1	
-1	-1	-1	-1	-1	-1	
-1	-1	-1	-1	-1	-1	
-1	-1	-1	-1	-1	-1	
-1	-1	-1	-1	-1	-1	
-1	-1	-1	-1	-1	-1	
-1	-1	-1	-1	-1	-1	
-1	-1	-1	-1	-1	-1	
-1	-1	-1	-1	-1	-1	
-1	-1	-1	-1	-1	-1	
-1	-1	-1	-1	-1	-1	
-1	-1	-1	-1	-1	-1	
-1	-1	-1	-1	-1	-1	
-1	-1	-1	-1	-1	-1	
-1	-1	-1	-1	-1	-1	
-1	-1	-1	-1	-1	-1	
-1	-1	-1	-1	-1	-1	
-1	-1	-1	-1	-1	-1	
-1	-1	-1	-1	-1	-1	
-1	-1	-1	-1	-1	-1	
-1	-1	-1	-1	-1	-1	
-1	-1	-1	-1	-1	-1	
-1	-1	-1	-1	-1	-1	
-1	-1	-1	-1	-1	-1	
2028	2275	-1	-1	-1	-1	
-1	-1	-1	-1	-1	-1	
-1	-1	-1	-1	-1	-1	
-1	-1	-1	-1	-1	-1	
-1	-1	-1	-1	-1	-1	
-1	-1	-1	-1	-1	-1	
-1	-1	-1	-1	-1	-1	
-1	-1	-1	-1	-1	-1	
-1	-1	-1	-1	-1	-1	
-1	-1	-1	-1	-1	-1	
-1	-1	-1	-1	-1	-1	
-1	-1	-1	-1	-1	-1	
-1	-1	-1	-1	-1	-1	
-1	-1	-1	-1	-1	-1	
-1	-1	-1	-1	-1	-1	
-1	-1	-1	-1	-1	-1	
-1	-1	-1	-1	-1	-1	
-1	-1	-1	-1	-1	-1	
-1	-1	-1	-1	-1	-1	
-1	-1	-1	-1	-1	-1	
-1	-1	-1	-1	-1	-1	
-1	-1	-1	-1	-1	-1	
-1	-1	-1	-1	-1	-1	
-1	-1	-1	-1	-1	-1	
-1	-1	-1	-1	-1	-1	
2029	2054	-1	-1	-1	-1	
-1	-1	-1	-1	-1	-1	
-1	-1	-1	-1	-1	-1	
-1	-1	-1	-1	-1	-1	
-1	-1	-1	-1	-1	-1	
-1	-1	-1	-1	-1	-1	
-1	-1	-1	-1	-1	-1	
-1	-1	-1	-1	-1	-1	
-1	-1	-1	-1	-1	-1	
-1	-1	-1	-1	-1	-1	
-1	-1	-1	-1	-1	-1	
-1	-1	-1	-1	-1	-1	
-1	-1	-1	-1	-1	-1	
-1	-1	-1	-1	-1	-1	
-1	-1	-1	-1	-1	-1	
-1	-1	-1	-1	-1	-1	
-1	-1	-1	-1	-1	-1	
-1	-1	-1	-1	-1	-1	
-1	-1	-1	-1	-1	-1	
-1	-1	-1	-1	-1	-1	
-1	-1	-1	-1	-1	-1	
-1	-1	-1	-1	-1	-1	
-1	-1	-1	-1	-1	-1	
-1	-1	-1	-1	-1	-1	
-1	-1	-1	-1	-1	-1	
1863	1665	-1	-1	-1	-1	
-1	-1	-1	-1	-1	-1	
-1	-1	-1	-1	-1	-1	
-1	-1	-1	-1	-1	-1	
-1	-1	-1	-1	-1	-1	
-1	-1	-1	-1	-1	-1	
-1	-1	-1	-1	-1	-1	
-1	-1	-1	-1	-1	-1	
-1	-1	-1	-1	-1	-1	
-1	-1	-1	-1	-1	-1	
-1	-1	-1	-1	-1	-1	
-1	-1	-1	-1	-1	-1	
-1	-1	-1	-1	-1	-1	
-1	-1	-1	-1	-1	-1	
-1	-1	-1	-1	-1	-1	
-1	-1	-1	-1	-1	-1	
-1	-1	-1	-1	-1	-1	
-1	-1	-1	-1	-1	-1	
-1	-1	-1	-1	-1	-1	
-1	-1	-1	-1	-1	-1	
-1	-1	-1	-1	-1	-1	
-1	-1	-1	-1	-1	-1	
-1	-1	-1	-1	-1	-1	
-1	-1	-1	-1	-1	-1	
-1	-1	-1	-1	-1	-1	
1696	1273	-1	-1	-1	-1	
-1	-1	-1	-1	-1	-1	
-1	-1	-1	-1	-1	-1	
-1	-1	-1	-1	-1	-1	
-1	-1	-1	-1	-1	-1	
-1	-1	-1	-1	-1	-1	
-1	-1	-1	-1	-1	-1	
-1	-1	-1	-1	-1	-1	
-1	-1	-1	-1	-1	-1	
-1	-1	-1	-1	-1	-1	
-1	-1	-1	-1	-1	-1	
-1	-1	-1	-1	-1	-1	
-1	-1	-1	-1	-1	-1	
-1	-1	-1	-1	-1	-1	
-1	-1	-1	-1	-1	-1	
-1	-1	-1	-1	-1	-1	
-1	-1	-1	-1	-1	-1	
-1	-1	-1	-1	-1	-1	
-1	-1	-1	-1	-1	-1	
-1	-1	-1	-1	-1	-1	
-1	-1	-1	-1	-1	-1	
-1	-1	-1	-1	-1	-1	
-1	-1	-1	-1	-1	-1	
-1	-1	-1	-1	-1	-1	
-1	-1	-1	-1	-1	-1	
1696	1043	-1	-1	-1	-1	
-1	-1	-1	-1	-1	-1	
-1	-1	-1	-1	-1	-1	
-1	-1	-1	-1	-1	-1	
-1	-1	-1	-1	-1	-1	
-1	-1	-1	-1	-1	-1	
-1	-1	-1	-1	-1	-1	
-1	-1	-1	-1	-1	-1	
-1	-1	-1	-1	-1	-1	
-1	-1	-1	-1	-1	-1	
-1	-1	-1	-1	-1	-1	
-1	-1	-1	-1	-1	-1	
-1	-1	-1	-1	-1	-1	
-1	-1	-1	-1	-1	-1	
-1	-1	-1	-1	-1	-1	
-1	-1	-1	-1	-1	-1	
-1	-1	-1	-1	-1	-1	
-1	-1	-1	-1	-1	-1	
-1	-1	-1	-1	-1	-1	
-1	-1	-1	-1	-1	-1	
-1	-1	-1	-1	-1	-1	
-1	-1	-1	-1	-1	-1	
-1	-1	-1	-1	-1	-1	
-1	-1	-1	-1	-1	-1	
-1	-1	-1	-1	-1	-1	
1696	869	-1	-1	-1	-1	
-1	-1	-1	-1	-1	-1	
-1	-1	-1	-1	-1	-1	
-1	-1	-1	-1	-1	-1	
-1	-1	-1	-1	-1	-1	
-1	-1	-1	-1	-1	-1	
-1	-1	-1	-1	-1	-1	
-1	-1	-1	-1	-1	-1	
-1	-1	-1	-1	-1	-1	
-1	-1	-1	-1	-1	-1	
-1	-1	-1	-1	-1	-1	
-1	-1	-1	-1	-1	-1	
-1	-1	-1	-1	-1	-1	
-1	-1	-1	-1	-1	-1	
-1	-1	-1	-1	-1	-1	
-1	-1	-1	-1	-1	-1	
-1	-1	-1	-1	-1	-1	
-1	-1	-1	-1	-1	-1	
-1	-1	-1	-1	-1	-1	
-1	-1	-1	-1	-1	-1	
-1	-1	-1	-1	-1	-1	
-1	-1	-1	-1	-1	-1	
-1	-1	-1	-1	-1	-1	
-1	-1	-1	-1	-1	-1	
-1	-1	-1	-1	-1	-1	
1701	863	-1	-1	-1	-1	
-1	-1	-1	-1	-1	-1	
-1	-1	-1	-1	-1	-1	
-1	-1	-1	-1	-1	-1	
-1	-1	-1	-1	-1	-1	
-1	-1	-1	-1	-1	-1	
-1	-1	-1	-1	-1	-1	
-1	-1	-1	-1	-1	-1	
-1	-1	-1	-1	-1	-1	
-1	-1	-1	-1	-1	-1	
-1	-1	-1	-1	-1	-1	
-1	-1	-1	-1	-1	-1	
-1	-1	-1	-1	-1	-1	
-1	-1	-1	-1	-1	-1	
-1	-1	-1	-1	-1	-1	
-1	-1	-1	-1	-1	-1	
-1	-1	-1	-1	-1	-1	
-1	-1	-1	-1	-1	-1	
-1	-1	-1	-1	-1	-1	
-1	-1	-1	-1	-1	-1	
-1	-1	-1	-1	-1	-1	
-1	-1	-1	-1	-1	-1	
-1	-1	-1	-1	-1	-1	
-1	-1	-1	-1	-1	-1	
-1	-1	-1	-1	-1	-1	
1707	1083	-1	-1	-1	-1	
-1	-1	-1	-1	-1	-1	
-1	-1	-1	-1	-1	-1	
-1	-1	-1	-1	-1	-1	
-1	-1	-1	-1	-1	-1	
-1	-1	-1	-1	-1	-1	
-1	-1	-1	-1	-1	-1	
-1	-1	-1	-1	-1	-1	
-1	-1	-1	-1	-1	-1	
-1	-1	-1	-1	-1	-1	
-1	-1	-1	-1	-1	-1	
-1	-1	-1	-1	-1	-1	
-1	-1	-1	-1	-1	-1	
-1	-1	-1	-1	-1	-1	
-1	-1	-1	-1	-1	-1	
-1	-1	-1	-1	-1	-1	
-1	-1	-1	-1	-1	-1	
-1	-1	-1	-1	-1	-1	
-1	-1	-1	-1	-1	-1	
-1	-1	-1	-1	-1	-1	
-1	-1	-1	-1	-1	-1	
-1	-1	-1	-1	-1	-1	
-1	-1	-1	-1	-1	-1	
-1	-1	-1	-1	-1	-1	
-1	-1	-1	-1	-1	-1	
1771	1473	-1	-1	-1	-1	
-1	-1	-1	-1	-1	-1	
-1	-1	-1	-1	-1	-1	
-1	-1	-1	-1	-1	-1	
-1	-1	-1	-1	-1	-1	
-1	-1	-1	-1	-1	-1	
-1	-1	-1	-1	-1	-1	
-1	-1	-1	-1	-1	-1	
-1	-1	-1	-1	-1	-1	
-1	-1	-1	-1	-1	-1	
-1	-1	-1	-1	-1	-1	
-1	-1	-1	-1	-1	-1	
-1	-1	-1	-1	-1	-1	
-1	-1	-1	-1	-1	-1	
-1	-1	-1	-1	-1	-1	
-1	-1	-1	-1	-1	-1	
-1	-1	-1	-1	-1	-1	
-1	-1	-1	-1	-1	-1	
-1	-1	-1	-1	-1	-1	
-1	-1	-1	-1	-1	-1	
-1	-1	-1	-1	-1	-1	
-1	-1	-1	-1	-1	-1	
-1	-1	-1	-1	-1	-1	
-1	-1	-1	-1	-1	-1	
-1	-1	-1	-1	-1	-1	
1887	1864	-2	-1	-1	-1	
-1	-1	-1	-1	-1	-1	
-1	-1	-1	-1	-1	-1	
-1	-1	-1	-1	-1	-1	
-1	-1	-1	-1	-1	-1	
-1	-1	-1	-1	-1	-1	
-1	-1	-1	-1	-1	-1	
-1	-1	-1	-1	-1	-1	
-1	-1	-1	-1	-1	-1	
-1	-1	-1	-1	-1	-1	
-1	-1	-1	-1	-1	-1	
-1	-1	-1	-1	-1	-1	
-1	-1	-1	-1	-1	-1	
-1	-1	-1	-1	-1	-1	
-1	-1	-1	-1	-1	-1	
-1	-1	-1	-1	-1	-1	
-1	-1	-1	-1	-1	-1	
-1	-1	-1	-1	-1	-1	
-1	-1	-1	-1	-1	-1	
-1	-1	-1	-1	-1	-1	
-1	-1	-1	-1	-1	-1	
-1	-1	-1	-1	-1	-1	
-1	-1	-1	-1	-1	-1	
-1	-1	-1	-1	-1	-1	
-1	-1	-1	-1	-1	-1	
1946	2203	839	-1	-1	-1	
-1	-1	-1	-1	-1	-1	
-1	-1	-1	-1	-1	-1	
-1	-1	-1	-1	-1	-1	
-1	-1	-1	-1	-1	-1	
-1	-1	-1	-1	-1	-1	
-1	-1	-1	-1	-1	-1	
-1	-1	-1	-1	-1	-1	
-1	-1	-1	-1	-1	-1	
-1	-1	-1	-1	-1	-1	
-1	-1	-1	-1	-1	-1	
-1	-1	-1	-1	-1	-1	
-1	-1	-1	-1	-1	-1	
-1	-1	-1	-1	-1	-1	
-1	-1	-1	-1	-1	-1	
-1	-1	-1	-1	-1	-1	
-1	-1	-1	-1	-1	-1	
-1	-1	-1	-1	-1	-1	
-1	-1	-1	-1	-1	-1	
-1	-1	-1	-1	-1	-1	
-1	-1	-1	-1	-1	-1	
-1	-1	-1	-1	-1	-1	
-1	-1	-1	-1	-1	-1	
-1	-1	-1	-1	-1	-1	
-1	-1	-1	-1	-1	-1	
1942	2375	999	-1	-1	-1	
-1	-1	-1	-1	-1	-1	
-1	-1	-1	-1	-1	-1	
-1	-1	-1	-1	-1	-1	
-1	-1	-1	-1	-1	-1	
-1	-1	-1	-1	-1	-1	
-1	-1	-1	-1	-1	-1	
-1	-1	-1	-1	-1	-1	
-1	-1	-1	-1	-1	-1	
-1	-1	-1	-1	-1	-1	
-1	-1	-1	-1	-1	-1	
-1	-1	-1	-1	-1	-1	
-1	-1	-1	-1	-1	-1	
-1	-1	-1	-1	-1	-1	
-1	-1	-1	-1	-1	-1	
-1	-1	-1	-1	-1	-1	
-1	-1	-1	-1	-1	-1	
-1	-1	-1	-1	-1	-1	
-1	-1	-1	-1	-1	-1	
-1	-1	-1	-1	-1	-1	
-1	-1	-1	-1	-1	-1	
-1	-1	-1	-1	-1	-1	
-1	-1	-1	-1	-1	-1	
-1	-1	-1	-1	-1	-1	
-1	-1	-1	-1	-1	-1	
1881	2381	1105	-1	-1	-1	
-1	-1	-1	-1	-1	-1	
-1	-1	-1	-1	-1	-1	
-1	-1	-1	-1	-1	-1	
-1	-1	-1	-1	-1	-1	
-1	-1	-1	-1	-1	-1	
-1	-1	-1	-1	-1	-1	
-1	-1	-1	-1	-1	-1	
-1	-1	-1	-1	-1	-1	
-1	-1	-1	-1	-1	-1	
-1	-1	-1	-1	-1	-1	
-1	-1	-1	-1	-1	-1	
-1	-1	-1	-1	-1	-1	
-1	-1	-1	-1	-1	-1	
-1	-1	-1	-1	-1	-1	
-1	-1	-1	-1	-1	-1	
-1	-1	-1	-1	-1	-1	
-1	-1	-1	-1	-1	-1	
-1	-1	-1	-1	-1	-1	
-1	-1	-1	-1	-1	-1	
-1	-1	-1	-1	-1	-1	
-1	-1	-1	-1	-1	-1	
-1	-1	-1	-1	-1	-1	
-1	-1	-1	-1	-1	-1	
-1	-1	-1	-1	-1	-1	
2044	2275	1098	-1	-1	-1	
-1	-1	-1	-1	-1	-1	
-1	-1	-1	-1	-1	-1	
-1	-1	-1	-1	-1	-1	
-1	-1	-1	-1	-1	-1	
-1	-1	-1	-1	-1	-1	
-1	-1	-1	-1	-1	-1	
-1	-1	-1	-1	-1	-1	
-1	-1	-1	-1	-1	-1	
-1	-1	-1	-1	-1	-1	
-1	-1	-1	-1	-1	-1	
-1	-1	-1	-1	-1	-1	
-1	-1	-1	-1	-1	-1	
-1	-1	-1	-1	-1	-1	
-1	-1	-1	-1	-1	-1	
-1	-1	-1	-1	-1	-1	
-1	-1	-1	-1	-1	-1	
-1	-1	-1	-1	-1	-1	
-1	-1	-1	-1	-1	-1	
-1	-1	-1	-1	-1	-1	
-1	-1	-1	-1	-1	-1	
-1	-1	-1	-1	-1	-1	
-1	-1	-1	-1	-1	-1	
-1	-1	-1	-1	-1	-1	
-1	-1	-1	-1	-1	-1	
2094	1999	1148	-1	-1	-1	
-1	-1	-1	-1	-1	-1	
-1	-1	-1	-1	-1	-1	
-1	-1	-1	-1	-1	-1	
-1	-1	-1	-1	-1	-1	
-1	-1	-1	-1	-1	-1	
-1	-1	-1	-1	-1	-1	
-1	-1	-1	-1	-1	-1	
-1	-1	-1	-1	-1	-1	
-1	-1	-1	-1	-1	-1	
-1	-1	-1	-1	-1	-1	
-1	-1	-1	-1	-1	-1	
-1	-1	-1	-1	-1	-1	
-1	-1	-1	-1	-1	-1	
-1	-1	-1	-1	-1	-1	
-1	-1	-1	-1	-1	-1	
-1	-1	-1	-1	-1	-1	
-1	-1	-1	-1	-1	-1	
-1	-1	-1	-1	-1	-1	
-1	-1	-1	-1	-1	-1	
-1	-1	-1	-1	-1	-1	
-1	-1	-1	-1	-1	-1	
-1	-1	-1	-1	-1	-1	
-1	-1	-1	-1	-1	-1	
-1	-1	-1	-1	-1	-1	
2089	1608	1198	-1	-1	-1	
-1	-1	-1	-1	-1	-1	
-1	-1	-1	-1	-1	-1	
-1	-1	-1	-1	-1	-1	
-1	-1	-1	-1	-1	-1	
-1	-1	-1	-1	-1	-1	
-1	-1	-1	-1	-1	-1	
-1	-1	-1	-1	-1	-1	
-1	-1	-1	-1	-1	-1	
-1	-1	-1	-1	-1	-1	
-1	-1	-1	-1	-1	-1	
-1	-1	-1	-1	-1	-1	
-1	-1	-1	-1	-1	-1	
-1	-1	-1	-1	-1	-1	
-1	-1	-1	-1	-1	-1	
-1	-1	-1	-1	-1	-1	
-1	-1	-1	-1	-1	-1	
-1	-1	-1	-1	-1	-1	
-1	-1	-1	-1	-1	-1	
-1	-1	-1	-1	-1	-1	
-1	-1	-1	-1	-1	-1	
-1	-1	-1	-1	-1	-1	
-1	-1	-1	-1	-1	-1	
-1	-1	-1	-1	-1	-1	
-1	-1	-1	-1	-1	-1	
1917	1213	1193	-1	-1	-1	
-1	-1	-1	-1	-1	-1	
-1	-1	-1	-1	-1	-1	
-1	-1	-1	-1	-1	-1	
-1	-1	-1	-1	-1	-1	
-1	-1	-1	-1	-1	-1	
-1	-1	-1	-1	-1	-1	
-1	-1	-1	-1	-1	-1	
-1	-1	-1	-1	-1	-1	
-1	-1	-1	-1	-1	-1	
-1	-1	-1	-1	-1	-1	
-1	-1	-1	-1	-1	-1	
-1	-1	-1	-1	-1	-1	
-1	-1	-1	-1	-1	-1	
-1	-1	-1	-1	-1	-1	
-1	-1	-1	-1	-1	-1	
-1	-1	-1	-1	-1	-1	
-1	-1	-1	-1	-1	-1	
-1	-1	-1	-1	-1	-1	
-1	-1	-1	-1	-1	-1	
-1	-1	-1	-1	-1	-1	
-1	-1	-1	-1	-1	-1	
-1	-1	-1	-1	-1	-1	
-1	-1	-1	-1	-1	-1	
-1	-1	-1	-1	-1	-1	
1747	1098	1304	-1	-1	-1	
-1	-1	-1	-1	-1	-1	
-1	-1	-1	-1	-1	-1	
-1	-1	-1	-1	-1	-1	
-1	-1	-1	-1	-1	-1	
-1	-1	-1	-1	-1	-1	
-1	-1	-1	-1	-1	-1	
-1	-1	-1	-1	-1	-1	
-1	-1	-1	-1	-1	-1	
-1	-1	-1	-1	-1	-1	
-1	-1	-1	-1	-1	-1	
-1	-1	-1	-1	-1	-1	
-1	-1	-1	-1	-1	-1	
-1	-1	-1	-1	-1	-1	
-1	-1	-1	-1	-1	-1	
-1	-1	-1	-1	-1	-1	
-1	-1	-1	-1	-1	-1	
-1	-1	-1	-1	-1	-1	
-1	-1	-1	-1	-1	-1	
-1	-1	-1	-1	-1	-1	
-1	-1	-1	-1	-1	-1	
-1	-1	-1	-1	-1	-1	
-1	-1	-1	-1	-1	-1	
-1	-1	-1	-1	-1	-1	
-1	-1	-1	-1	-1	-1	
1750	1377	1473	-1	-1	-1	
-1	-1	-1	-1	-1	-1	
-1	-1	-1	-1	-1	-1	
-1	-1	-1	-1	-1	-1	
-1	-1	-1	-1	-1	-1	
-1	-1	-1	-1	-1	-1	
-1	-1	-1	-1	-1	-1	
-1	-1	-1	-1	-1	-1	
-1	-1	-1	-1	-1	-1	
-1	-1	-1	-1	-1	-1	
-1	-1	-1	-1	-1	-1	
-1	-1	-1	-1	-1	-1	
-1	-1	-1	-1	-1	-1	
-1	-1	-1	-1	-1	-1	
-1	-1	-1	-1	-1	-1	
-1	-1	-1	-1	-1	-1	
-1	-1	-1	-1	-1	-1	
-1	-1	-1	-1	-1	-1	
-1	-1	-1	-1	-1	-1	
-1	-1	-1	-1	-1	-1	
-1	-1	-1	-1	-1	-1	
-1	-1	-1	-1	-1	-1	
-1	-1	-1	-1	-1	-1	
-1	-1	-1	-1	-1	-1	
-1	-1	-1	-1	-1	-1	
1524	1715	1588	-1	-1	-1	
-1	-1	-1	-1	-1	-1	
-1	-1	-1	-1	-1	-1	
-1	-1	-1	-1	-1	-1	
-1	-1	-1	-1	-1	-1	
-1	-1	-1	-1	-1	-1	
-1	-1	-1	-1	-1	-1	
-1	-1	-1	-1	-1	-1	
-1	-1	-1	-1	-1	-1	
-1	-1	-1	-1	-1	-1	
-1	-1	-1	-1	-1	-1	
-1	-1	-1	-1	-1	-1	
-1	-1	-1	-1	-1	-1	
-1	-1	-1	-1	-1	-1	
-1	-1	-1	-1	-1	-1	
-1	-1	-1	-1	-1	-1	
-1	-1	-1	-1	-1	-1	
-1	-1	-1	-1	-1	-1	
-1	-1	-1	-1	-1	-1	
-1	-1	-1	-1	-1	-1	
-1	-1	-1	-1	-1	-1	
-1	-1	-1	-1	-1	-1	
-1	-1	-1	-1	-1	-1	
-1	-1	-1	-1	-1	-1	
-1	-1	-1	-1	-1	-1	
1246	2052	1594	-1	-1	-1	
-1	-1	-1	-1	-1	-1	
-1	-1	-1	-1	-1	-1	
-1	-1	-1	-1	-1	-1	
-1	-1	-1	-1	-1	-1	
-1	-1	-1	-1	-1	-1	
-1	-1	-1	-1	-1	-1	
-1	-1	-1	-1	-1	-1	
-1	-1	-1	-1	-1	-1	
-1	-1	-1	-1	-1	-1	
-1	-1	-1	-1	-1	-1	
-1	-1	-1	-1	-1	-1	
-1	-1	-1	-1	-1	-1	
-1	-1	-1	-1	-1	-1	
-1	-1	-1	-1	-1	-1	
-1	-1	-1	-1	-1	-1	
-1	-1	-1	-1	-1	-1	
-1	-1	-1	-1	-1	-1	
-1	-1	-1	-1	-1	-1	
-1	-1	-1	-1	-1	-1	
-1	-1	-1	-1	-1	-1	
-1	-1	-1	-1	-1	-1	
-1	-1	-1	-1	-1	-1	
-1	-1	-1	-1	-1	-1	
-1	-1	-1	-1	-1	-1	
1137	2213	1600	-1	-1	-1	
-1	-1	-1	-1	-1	-1	
-1	-1	-1	-1	-1	-1	
-1	-1	-1	-1	-1	-1	
-1	-1	-1	-1	-1	-1	
-1	-1	-1	-1	-1	-1	
-1	-1	-1	-1	-1	-1	
-1	-1	-1	-1	-1	-1	
-1	-1	-1	-1	-1	-1	
-1	-1	-1	-1	-1	-1	
-1	-1	-1	-1	-1	-1	
-1	-1	-1	-1	-1	-1	
-1	-1	-1	-1	-1	-1	
-1	-1	-1	-1	-1	-1	
-1	-1	-1	-1	-1	-1	
-1	-1	-1	-1	-1	-1	
-1	-1	-1	-1	-1	-1	
-1	-1	-1	-1	-1	-1	
-1	-1	-1	-1	-1	-1	
-1	-1	-1	-1	-1	-1	
-1	-1	-1	-1	-1	-1	
-1	-1	-1	-1	-1	-1	
-1	-1	-1	-1	-1	-1	
-1	-1	-1	-1	-1	-1	
-1	-1	-1	-1	-1	-1	
1031	2263	1773	-1	-1	-1	
-1	-1	-1	-1	-1	-1	
-1	-1	-1	-1	-1	-1	
-1	-1	-1	-1	-1	-1	
-1	-1	-1	-1	-1	-1	
-1	-1	-1	-1	-1	-1	
-1	-1	-1	-1	-1	-1	
-1	-1	-1	-1	-1	-1	
-1	-1	-1	-1	-1	-1	
-1	-1	-1	-1	-1	-1	
-1	-1	-1	-1	-1	-1	
-1	-1	-1	-1	-1	-1	
-1	-1	-1	-1	-1	-1	
-1	-1	-1	-1	-1	-1	
-1	-1	-1	-1	-1	-1	
-1	-1	-1	-1	-1	-1	
-1	-1	-1	-1	-1	-1	
-1	-1	-1	-1	-1	-1	
-1	-1	-1	-1	-1	-1	
-1	-1	-1	-1	-1	-1	
-1	-1	-1	-1	-1	-1	
-1	-1	-1	-1	-1	-1	
-1	-1	-1	-1	-1	-1	
-1	-1	-1	-1	-1	-1	
-1	-1	-1	-1	-1	-1	
1036	2312	1945	-1	-1	-1	
-1	-1	-1	-1	-1	-1	
-1	-1	-1	-1	-1	-1	
-1	-1	-1	-1	-1	-1	
-1	-1	-1	-1	-1	-1	
-1	-1	-1	-1	-1	-1	
-1	-1	-1	-1	-1	-1	
-1	-1	-1	-1	-1	-1	
-1	-1	-1	-1	-1	-1	
-1	-1	-1	-1	-1	-1	
-1	-1	-1	-1	-1	-1	
-1	-1	-1	-1	-1	-1	
-1	-1	-1	-1	-1	-1	
-1	-1	-1	-1	-1	-1	
-1	-1	-1	-1	-1	-1	
-1	-1	-1	-1	-1	-1	
-1	-1	-1	-1	-1	-1	
-1	-1	-1	-1	-1	-1	
-1	-1	-1	-1	-1	-1	
-1	-1	-1	-1	-1	-1	
-1	-1	-1	-1	-1	-1	
-1	-1	-1	-1	-1	-1	
-1	-1	-1	-1	-1	-1	
-1	-1	-1	-1	-1	-1	
-1	-1	-1	-1	-1	-1	
1153	2029	2116	835	-1	-1	
-1	-1	-1	-1	-1	-1	
-1	-1	-1	-1	-1	-1	
-1	-1	-1	-1	-1	-1	
-1	-1	-1	-1	-1	-1	
-1	-1	-1	-1	-1	-1	
-1	-1	-1	-1	-1	-1	
-1	-1	-1	-1	-1	-1	
-1	-1	-1	-1	-1	-1	
-1	-1	-1	-1	-1	-1	
-1	-1	-1	-1	-1	-1	
-1	-1	-1	-1	-1	-1	
-1	-1	-1	-1	-1	-1	
-1	-1	-1	-1	-1	-1	
-1	-1	-1	-1	-1	-1	
-1	-1	-1	-1	-1	-1	
-1	-1	-1	-1	-1	-1	
-1	-1	-1	-1	-1	-1	
-1	-1	-1	-1	-1	-1	
-1	-1	-1	-1	-1	-1	
-1	-1	-1	-1	-1	-1	
-1	-1	-1	-1	-1	-1	
-1	-1	-1	-1	-1	-1	
-1	-1	-1	-1	-1	-1	
-1	-1	-1	-1	-1	-1	
1381	1691	2227	996	-1	-1	
-1	-1	-1	-1	-1	-1	
-1	-1	-1	-1	-1	-1	
-1	-1	-1	-1	-1	-1	
-1	-1	-1	-1	-1	-1	
-1	-1	-1	-1	-1	-1	
-1	-1	-1	-1	-1	-1	
-1	-1	-1	-1	-1	-1	
-1	-1	-1	-1	-1	-1	
-1	-1	-1	-1	-1	-1	
-1	-1	-1	-1	-1	-1	
-1	-1	-1	-1	-1	-1	
-1	-1	-1	-1	-1	-1	
-1	-1	-1	-1	-1	-1	
-1	-1	-1	-1	-1	-1	
-1	-1	-1	-1	-1	-1	
-1	-1	-1	-1	-1	-1	
-1	-1	-1	-1	-1	-1	
-1	-1	-1	-1	-1	-1	
-1	-1	-1	-1	-1	-1	
-1	-1	-1	-1	-1	-1	
-1	-1	-1	-1	-1	-1	
-1	-1	-1	-1	-1	-1	
-1	-1	-1	-1	-1	-1	
-1	-1	-1	-1	-1	-1	
1606	1300	2225	1158	-1	-1	
-1	-1	-1	-1	-1	-1	
-1	-1	-1	-1	-1	-1	
-1	-1	-1	-1	-1	-1	
-1	-1	-1	-1	-1	-1	
-1	-1	-1	-1	-1	-1	
-1	-1	-1	-1	-1	-1	
-1	-1	-1	-1	-1	-1	
-1	-1	-1	-1	-1	-1	
-1	-1	-1	-1	-1	-1	
-1	-1	-1	-1	-1	-1	
-1	-1	-1	-1	-1	-1	
-1	-1	-1	-1	-1	-1	
-1	-1	-1	-1	-1	-1	
-1	-1	-1	-1	-1	-1	
-1	-1	-1	-1	-1	-1	
-1	-1	-1	-1	-1	-1	
-1	-1	-1	-1	-1	-1	
-1	-1	-1	-1	-1	-1	
-1	-1	-1	-1	-1	-1	
-1	-1	-1	-1	-1	-1	
-1	-1	-1	-1	-1	-1	
-1	-1	-1	-1	-1	-1	
-1	-1	-1	-1	-1	-1	
-1	-1	-1	-1	-1	-1	
1829	1079	2002	1375	-1	-1	
-1	-1	-1	-1	-1	-1	
-1	-1	-1	-1	-1	-1	
-1	-1	-1	-1	-1	-1	
-1	-1	-1	-1	-1	-1	
-1	-1	-1	-1	-1	-1	
-1	-1	-1	-1	-1	-1	
-1	-1	-1	-1	-1	-1	
-1	-1	-1	-1	-1	-1	
-1	-1	-1	-1	-1	-1	
-1	-1	-1	-1	-1	-1	
-1	-1	-1	-1	-1	-1	
-1	-1	-1	-1	-1	-1	
-1	-1	-1	-1	-1	-1	
-1	-1	-1	-1	-1	-1	
-1	-1	-1	-1	-1	-1	
-1	-1	-1	-1	-1	-1	
-1	-1	-1	-1	-1	-1	
-1	-1	-1	-1	-1	-1	
-1	-1	-1	-1	-1	-1	
-1	-1	-1	-1	-1	-1	
-1	-1	-1	-1	-1	-1	
-1	-1	-1	-1	-1	-1	
-1	-1	-1	-1	-1	-1	
-1	-1	-1	-1	-1	-1	
1937	916	1668	1479	-1	-1	
-1	-1	-1	-1	-1	-1	
-1	-1	-1	-1	-1	-1	
-1	-1	-1	-1	-1	-1	
-1	-1	-1	-1	-1	-1	
-1	-1	-1	-1	-1	-1	
-1	-1	-1	-1	-1	-1	
-1	-1	-1	-1	-1	-1	
-1	-1	-1	-1	-1	-1	
-1	-1	-1	-1	-1	-1	
-1	-1	-1	-1	-1	-1	
-1	-1	-1	-1	-1	-1	
-1	-1	-1	-1	-1	-1	
-1	-1	-1	-1	-1	-1	
-1	-1	-1	-1	-1	-1	
-1	-1	-1	-1	-1	-1	
-1	-1	-1	-1	-1	-1	
-1	-1	-1	-1	-1	-1	
-1	-1	-1	-1	-1	-1	
-1	-1	-1	-1	-1	-1	
-1	-1	-1	-1	-1	-1	
-1	-1	-1	-1	-1	-1	
-1	-1	-1	-1	-1	-1	
-1	-1	-1	-1	-1	-1	
-1	-1	-1	-1	-1	-1	
1820	1034	1387	1698	-1	-1	
-1	-1	-1	-1	-1	-1	
-1	-1	-1	-1	-1	-1	
-1	-1	-1	-1	-1	-1	
-1	-1	-1	-1	-1	-1	
-1	-1	-1	-1	-1	-1	
-1	-1	-1	-1	-1	-1	
-1	-1	-1	-1	-1	-1	
-1	-1	-1	-1	-1	-1	
-1	-1	-1	-1	-1	-1	
-1	-1	-1	-1	-1	-1	
-1	-1	-1	-1	-1	-1	
-1	-1	-1	-1	-1	-1	
-1	-1	-1	-1	-1	-1	
-1	-1	-1	-1	-1	-1	
-1	-1	-1	-1	-1	-1	
-1	-1	-1	-1	-1	-1	
-1	-1	-1	-1	-1	-1	
-1	-1	-1	-1	-1	-1	
-1	-1	-1	-1	-1	-1	
-1	-1	-1	-1	-1	-1	
-1	-1	-1	-1	-1	-1	
-1	-1	-1	-1	-1	-1	
-1	-1	-1	-1	-1	-1	
-1	-1	-1	-1	-1	-1	
1536	1375	1162	1976	-1	-1	
-1	-1	-1	-1	-1	-1	
-1	-1	-1	-1	-1	-1	
-1	-1	-1	-1	-1	-1	
-1	-1	-1	-1	-1	-1	
-1	-1	-1	-1	-1	-1	
-1	-1	-1	-1	-1	-1	
-1	-1	-1	-1	-1	-1	
-1	-1	-1	-1	-1	-1	
-1	-1	-1	-1	-1	-1	
-1	-1	-1	-1	-1	-1	
-1	-1	-1	-1	-1	-1	
-1	-1	-1	-1	-1	-1	
-1	-1	-1	-1	-1	-1	
-1	-1	-1	-1	-1	-1	
-1	-1	-1	-1	-1	-1	
-1	-1	-1	-1	-1	-1	
-1	-1	-1	-1	-1	-1	
-1	-1	-1	-1	-1	-1	
-1	-1	-1	-1	-1	-1	
-1	-1	-1	-1	-1	-1	
-1	-1	-1	-1	-1	-1	
-1	-1	-1	-1	-1	-1	
-1	-1	-1	-1	-1	-1	
-1	-1	-1	-1	-1	-1	
1474	1771	1101	2315	-1	-1	
-1	-1	-1	-1	-1	-1	
-1	-1	-1	-1	-1	-1	
-1	-1	-1	-1	-1	-1	
-1	-1	-1	-1	-1	-1	
-1	-1	-1	-1	-1	-1	
-1	-1	-1	-1	-1	-1	
-1	-1	-1	-1	-1	-1	
-1	-1	-1	-1	-1	-1	
-1	-1	-1	-1	-1	-1	
-1	-1	-1	-1	-1	-1	
-1	-1	-1	-1	-1	-1	
-1	-1	-1	-1	-1	-1	
-1	-1	-1	-1	-1	-1	
-1	-1	-1	-1	-1	-1	
-1	-1	-1	-1	-1	-1	
-1	-1	-1	-1	-1	-1	
-1	-1	-1	-1	-1	-1	
-1	-1	-1	-1	-1	-1	
-1	-1	-1	-1	-1	-1	
-1	-1	-1	-1	-1	-1	
-1	-1	-1	-1	-1	-1	
-1	-1	-1	-1	-1	-1	
-1	-1	-1	-1	-1	-1	
-1	-1	-1	-1	-1	-1	
1470	1998	1152	2543	-1	-1	
-1	-1	-1	-1	-1	-1	
-1	-1	-1	-1	-1	-1	
-1	-1	-1	-1	-1	-1	
-1	-1	-1	-1	-1	-1	
-1	-1	-1	-1	-1	-1	
-1	-1	-1	-1	-1	-1	
-1	-1	-1	-1	-1	-1	
-1	-1	-1	-1	-1	-1	
-1	-1	-1	-1	-1	-1	
-1	-1	-1	-1	-1	-1	
-1	-1	-1	-1	-1	-1	
-1	-1	-1	-1	-1	-1	
-1	-1	-1	-1	-1	-1	
-1	-1	-1	-1	-1	-1	
-1	-1	-1	-1	-1	-1	
-1	-1	-1	-1	-1	-1	
-1	-1	-1	-1	-1	-1	
-1	-1	-1	-1	-1	-1	
-1	-1	-1	-1	-1	-1	
-1	-1	-1	-1	-1	-1	
-1	-1	-1	-1	-1	-1	
-1	-1	-1	-1	-1	-1	
-1	-1	-1	-1	-1	-1	
-1	-1	-1	-1	-1	-1	
1636	2059	1261	2606	-1	-1	
-1	-1	-1	-1	-1	-1	
-1	-1	-1	-1	-1	-1	
-1	-1	-1	-1	-1	-1	
-1	-1	-1	-1	-1	-1	
-1	-1	-1	-1	-1	-1	
-1	-1	-1	-1	-1	-1	
-1	-1	-1	-1	-1	-1	
-1	-1	-1	-1	-1	-1	
-1	-1	-1	-1	-1	-1	
-1	-1	-1	-1	-1	-1	
-1	-1	-1	-1	-1	-1	
-1	-1	-1	-1	-1	-1	
-1	-1	-1	-1	-1	-1	
-1	-1	-1	-1	-1	-1	
-1	-1	-1	-1	-1	-1	
-1	-1	-1	-1	-1	-1	
-1	-1	-1	-1	-1	-1	
-1	-1	-1	-1	-1	-1	
-1	-1	-1	-1	-1	-1	
-1	-1	-1	-1	-1	-1	
-1	-1	-1	-1	-1	-1	
-1	-1	-1	-1	-1	-1	
-1	-1	-1	-1	-1	-1	
-1	-1	-1	-1	-1	-1	
1860	1781	1482	2443	-1	-1	
-1	-1	-1	-1	-1	-1	
-1	-1	-1	-1	-1	-1	
-1	-1	-1	-1	-1	-1	
-1	-1	-1	-1	-1	-1	
-1	-1	-1	-1	-1	-1	
-1	-1	-1	-1	-1	-1	
-1	-1	-1	-1	-1	-1	
-1	-1	-1	-1	-1	-1	
-1	-1	-1	-1	-1	-1	
-1	-1	-1	-1	-1	-1	
-1	-1	-1	-1	-1	-1	
-1	-1	-1	-1	-1	-1	
-1	-1	-1	-1	-1	-1	
-1	-1	-1	-1	-1	-1	
-1	-1	-1	-1	-1	-1	
-1	-1	-1	-1	-1	-1	
-1	-1	-1	-1	-1	-1	
-1	-1	-1	-1	-1	-1	
-1	-1	-1	-1	-1	-1	
-1	-1	-1	-1	-1	-1	
-1	-1	-1	-1	-1	-1	
-1	-1	-1	-1	-1	-1	
-1	-1	-1	-1	-1	-1	
-1	-1	-1	-1	-1	-1	
2032	1498	1589	2221	-1	-1	
-1	-1	-1	-1	-1	-1	
-1	-1	-1	-1	-1	-1	
-1	-1	-1	-1	-1	-1	
-1	-1	-1	-1	-1	-1	
-1	-1	-1	-1	-1	-1	
-1	-1	-1	-1	-1	-1	
-1	-1	-1	-1	-1	-1	
-1	-1	-1	-1	-1	-1	
-1	-1	-1	-1	-1	-1	
-1	-1	-1	-1	-1	-1	
-1	-1	-1	-1	-1	-1	
-1	-1	-1	-1	-1	-1	
-1	-1	-1	-1	-1	-1	
-1	-1	-1	-1	-1	-1	
-1	-1	-1	-1	-1	-1	
-1	-1	-1	-1	-1	-1	
-1	-1	-1	-1	-1	-1	
-1	-1	-1	-1	-1	-1	
-1	-1	-1	-1	-1	-1	
-1	-1	-1	-1	-1	-1	
-1	-1	-1	-1	-1	-1	
-1	-1	-1	-1	-1	-1	
-1	-1	-1	-1	-1	-1	
-1	-1	-1	-1	-1	-1	
2205	1157	1584	1885	-1	-1	
-1	-1	-1	-1	-1	-1	
-1	-1	-1	-1	-1	-1	
-1	-1	-1	-1	-1	-1	
-1	-1	-1	-1	-1	-1	
-1	-1	-1	-1	-1	-1	
-1	-1	-1	-1	-1	-1	
-1	-1	-1	-1	-1	-1	
-1	-1	-1	-1	-1	-1	
-1	-1	-1	-1	-1	-1	
-1	-1	-1	-1	-1	-1	
-1	-1	-1	-1	-1	-1	
-1	-1	-1	-1	-1	-1	
-1	-1	-1	-1	-1	-1	
-1	-1	-1	-1	-1	-1	
-1	-1	-1	-1	-1	-1	
-1	-1	-1	-1	-1	-1	
-1	-1	-1	-1	-1	-1	
-1	-1	-1	-1	-1	-1	
-1	-1	-1	-1	-1	-1	
-1	-1	-1	-1	-1	-1	
-1	-1	-1	-1	-1	-1	
-1	-1	-1	-1	-1	-1	
-1	-1	-1	-1	-1	-1	
-1	-1	-1	-1	-1	-1	
2266	871	1358	1658	-1	-1	
-1	-1	-1	-1	-1	-1	
-1	-1	-1	-1	-1	-1	
-1	-1	-1	-1	-1	-1	
-1	-1	-1	-1	-1	-1	
-1	-1	-1	-1	-1	-1	
-1	-1	-1	-1	-1	-1	
-1	-1	-1	-1	-1	-1	
-1	-1	-1	-1	-1	-1	
-1	-1	-1	-1	-1	-1	
-1	-1	-1	-1	-1	-1	
-1	-1	-1	-1	-1	-1	
-1	-1	-1	-1	-1	-1	
-1	-1	-1	-1	-1	-1	
-1	-1	-1	-1	-1	-1	
-1	-1	-1	-1	-1	-1	
-1	-1	-1	-1	-1	-1	
-1	-1	-1	-1	-1	-1	
-1	-1	-1	-1	-1	-1	
-1	-1	-1	-1	-1	-1	
-1	-1	-1	-1	-1	-1	
-1	-1	-1	-1	-1	-1	
-1	-1	-1	-1	-1	-1	
-1	-1	-1	-1	-1	-1	
-1	-1	-1	-1	-1	-1	
2273	813	1077	1431	-1	-1	
-1	-1	-1	-1	-1	-1	
-1	-1	-1	-1	-1	-1	
-1	-1	-1	-1	-1	-1	
-1	-1	-1	-1	-1	-1	
-1	-1	-1	-1	-1	-1	
-1	-1	-1	-1	-1	-1	
-1	-1	-1	-1	-1	-1	
-1	-1	-1	-1	-1	-1	
-1	-1	-1	-1	-1	-1	
-1	-1	-1	-1	-1	-1	
-1	-1	-1	-1	-1	-1	
-1	-1	-1	-1	-1	-1	
-1	-1	-1	-1	-1	-1	
-1	-1	-1	-1	-1	-1	
-1	-1	-1	-1	-1	-1	
-1	-1	-1	-1	-1	-1	
-1	-1	-1	-1	-1	-1	
-1	-1	-1	-1	-1	-1	
-1	-1	-1	-1	-1	-1	
-1	-1	-1	-1	-1	-1	
-1	-1	-1	-1	-1	-1	
-1	-1	-1	-1	-1	-1	
-1	-1	-1	-1	-1	-1	
-1	-1	-1	-1	-1	-1	
2053	872	857	1259	895	-1	
-1	-1	-1	-1	-1	-1	
-1	-1	-1	-1	-1	-1	
-1	-1	-1	-1	-1	-1	
-1	-1	-1	-1	-1	-1	
-1	-1	-1	-1	-1	-1	
-1	-1	-1	-1	-1	-1	
-1	-1	-1	-1	-1	-1	
-1	-1	-1	-1	-1	-1	
-1	-1	-1	-1	-1	-1	
-1	-1	-1	-1	-1	-1	
-1	-1	-1	-1	-1	-1	
-1	-1	-1	-1	-1	-1	
-1	-1	-1	-1	-1	-1	
-1	-1	-1	-1	-1	-1	
-1	-1	-1	-1	-1	-1	
-1	-1	-1	-1	-1	-1	
-1	-1	-1	-1	-1	-1	
-1	-1	-1	-1	-1	-1	
-1	-1	-1	-1	-1	-1	
-1	-1	-1	-1	-1	-1	
-1	-1	-1	-1	-1	-1	
-1	-1	-1	-1	-1	-1	
-1	-1	-1	-1	-1	-1	
-1	-1	-1	-1	-1	-1	
1833	1265	749	1088	891	-1	
-1	-1	-1	-1	-1	-1	
-1	-1	-1	-1	-1	-1	
-1	-1	-1	-1	-1	-1	
-1	-1	-1	-1	-1	-1	
-1	-1	-1	-1	-1	-1	
-1	-1	-1	-1	-1	-1	
-1	-1	-1	-1	-1	-1	
-1	-1	-1	-1	-1	-1	
-1	-1	-1	-1	-1	-1	
-1	-1	-1	-1	-1	-1	
-1	-1	-1	-1	-1	-1	
-1	-1	-1	-1	-1	-1	
-1	-1	-1	-1	-1	-1	
-1	-1	-1	-1	-1	-1	
-1	-1	-1	-1	-1	-1	
-1	-1	-1	-1	-1	-1	
-1	-1	-1	-1	-1	-1	
-1	-1	-1	-1	-1	-1	
-1	-1	-1	-1	-1	-1	
-1	-1	-1	-1	-1	-1	
-1	-1	-1	-1	-1	-1	
-1	-1	-1	-1	-1	-1	
-1	-1	-1	-1	-1	-1	
-1	-1	-1	-1	-1	-1	
1496	1655	810	917	944	-1	
-1	-1	-1	-1	-1	-1	
-1	-1	-1	-1	-1	-1	
-1	-1	-1	-1	-1	-1	
-1	-1	-1	-1	-1	-1	
-1	-1	-1	-1	-1	-1	
-1	-1	-1	-1	-1	-1	
-1	-1	-1	-1	-1	-1	
-1	-1	-1	-1	-1	-1	
-1	-1	-1	-1	-1	-1	
-1	-1	-1	-1	-1	-1	
-1	-1	-1	-1	-1	-1	
-1	-1	-1	-1	-1	-1	
-1	-1	-1	-1	-1	-1	
-1	-1	-1	-1	-1	-1	
-1	-1	-1	-1	-1	-1	
-1	-1	-1	-1	-1	-1	
-1	-1	-1	-1	-1	-1	
-1	-1	-1	-1	-1	-1	
-1	-1	-1	-1	-1	-1	
-1	-1	-1	-1	-1	-1	
-1	-1	-1	-1	-1	-1	
-1	-1	-1	-1	-1	-1	
-1	-1	-1	-1	-1	-1	
-1	-1	-1	-1	-1	-1	
1271	2044	1092	692	1055	-1	
-1	-1	-1	-1	-1	-1	
-1	-1	-1	-1	-1	-1	
-1	-1	-1	-1	-1	-1	
-1	-1	-1	-1	-1	-1	
-1	-1	-1	-1	-1	-1	
-1	-1	-1	-1	-1	-1	
-1	-1	-1	-1	-1	-1	
-1	-1	-1	-1	-1	-1	
-1	-1	-1	-1	-1	-1	
-1	-1	-1	-1	-1	-1	
-1	-1	-1	-1	-1	-1	
-1	-1	-1	-1	-1	-1	
-1	-1	-1	-1	-1	-1	
-1	-1	-1	-1	-1	-1	
-1	-1	-1	-1	-1	-1	
-1	-1	-1	-1	-1	-1	
-1	-1	-1	-1	-1	-1	
-1	-1	-1	-1	-1	-1	
-1	-1	-1	-1	-1	-1	
-1	-1	-1	-1	-1	-1	
-1	-1	-1	-1	-1	-1	
-1	-1	-1	-1	-1	-1	
-1	-1	-1	-1	-1	-1	
-1	-1	-1	-1	-1	-1	
1212	2264	1318	640	1332	-1	
-1	-1	-1	-1	-1	-1	
-1	-1	-1	-1	-1	-1	
-1	-1	-1	-1	-1	-1	
-1	-1	-1	-1	-1	-1	
-1	-1	-1	-1	-1	-1	
-1	-1	-1	-1	-1	-1	
-1	-1	-1	-1	-1	-1	
-1	-1	-1	-1	-1	-1	
-1	-1	-1	-1	-1	-1	
-1	-1	-1	-1	-1	-1	
-1	-1	-1	-1	-1	-1	
-1	-1	-1	-1	-1	-1	
-1	-1	-1	-1	-1	-1	
-1	-1	-1	-1	-1	-1	
-1	-1	-1	-1	-1	-1	
-1	-1	-1	-1	-1	-1	
-1	-1	-1	-1	-1	-1	
-1	-1	-1	-1	-1	-1	
-1	-1	-1	-1	-1	-1	
-1	-1	-1	-1	-1	-1	
-1	-1	-1	-1	-1	-1	
-1	-1	-1	-1	-1	-1	
-1	-1	-1	-1	-1	-1	
-1	-1	-1	-1	-1	-1	
1038	2258	1657	589	1611	-1	
-1	-1	-1	-1	-1	-1	
-1	-1	-1	-1	-1	-1	
-1	-1	-1	-1	-1	-1	
-1	-1	-1	-1	-1	-1	
-1	-1	-1	-1	-1	-1	
-1	-1	-1	-1	-1	-1	
-1	-1	-1	-1	-1	-1	
-1	-1	-1	-1	-1	-1	
-1	-1	-1	-1	-1	-1	
-1	-1	-1	-1	-1	-1	
-1	-1	-1	-1	-1	-1	
-1	-1	-1	-1	-1	-1	
-1	-1	-1	-1	-1	-1	
-1	-1	-1	-1	-1	-1	
-1	-1	-1	-1	-1	-1	
-1	-1	-1	-1	-1	-1	
-1	-1	-1	-1	-1	-1	
-1	-1	-1	-1	-1	-1	
-1	-1	-1	-1	-1	-1	
-1	-1	-1	-1	-1	-1	
-1	-1	-1	-1	-1	-1	
-1	-1	-1	-1	-1	-1	
-1	-1	-1	-1	-1	-1	
-1	-1	-1	-1	-1	-1	
1034	1974	1884	704	1890	-1	
-1	-1	-1	-1	-1	-1	
-1	-1	-1	-1	-1	-1	
-1	-1	-1	-1	-1	-1	
-1	-1	-1	-1	-1	-1	
-1	-1	-1	-1	-1	-1	
-1	-1	-1	-1	-1	-1	
-1	-1	-1	-1	-1	-1	
-1	-1	-1	-1	-1	-1	
-1	-1	-1	-1	-1	-1	
-1	-1	-1	-1	-1	-1	
-1	-1	-1	-1	-1	-1	
-1	-1	-1	-1	-1	-1	
-1	-1	-1	-1	-1	-1	
-1	-1	-1	-1	-1	-1	
-1	-1	-1	-1	-1	-1	
-1	-1	-1	-1	-1	-1	
-1	-1	-1	-1	-1	-1	
-1	-1	-1	-1	-1	-1	
-1	-1	-1	-1	-1	-1	
-1	-1	-1	-1	-1	-1	
-1	-1	-1	-1	-1	-1	
-1	-1	-1	-1	-1	-1	
-1	-1	-1	-1	-1	-1	
-1	-1	-1	-1	-1	-1	
974	1694	1885	873	1724	-1	
-1	-1	-1	-1	-1	-1	
-1	-1	-1	-1	-1	-1	
-1	-1	-1	-1	-1	-1	
-1	-1	-1	-1	-1	-1	
-1	-1	-1	-1	-1	-1	
-1	-1	-1	-1	-1	-1	
-1	-1	-1	-1	-1	-1	
-1	-1	-1	-1	-1	-1	
-1	-1	-1	-1	-1	-1	
-1	-1	-1	-1	-1	-1	
-1	-1	-1	-1	-1	-1	
-1	-1	-1	-1	-1	-1	
-1	-1	-1	-1	-1	-1	
-1	-1	-1	-1	-1	-1	
-1	-1	-1	-1	-1	-1	
-1	-1	-1	-1	-1	-1	
-1	-1	-1	-1	-1	-1	
-1	-1	-1	-1	-1	-1	
-1	-1	-1	-1	-1	-1	
-1	-1	-1	-1	-1	-1	
-1	-1	-1	-1	-1	-1	
-1	-1	-1	-1	-1	-1	
-1	-1	-1	-1	-1	-1	
-1	-1	-1	-1	-1	-1	
1083	1530	2055	927	1441	-1	
-1	-1	-1	-1	-1	-1	
-1	-1	-1	-1	-1	-1	
-1	-1	-1	-1	-1	-1	
-1	-1	-1	-1	-1	-1	
-1	-1	-1	-1	-1	-1	
-1	-1	-1	-1	-1	-1	
-1	-1	-1	-1	-1	-1	
-1	-1	-1	-1	-1	-1	
-1	-1	-1	-1	-1	-1	
-1	-1	-1	-1	-1	-1	
-1	-1	-1	-1	-1	-1	
-1	-1	-1	-1	-1	-1	
-1	-1	-1	-1	-1	-1	
-1	-1	-1	-1	-1	-1	
-1	-1	-1	-1	-1	-1	
-1	-1	-1	-1	-1	-1	
-1	-1	-1	-1	-1	-1	
-1	-1	-1	-1	-1	-1	
-1	-1	-1	-1	-1	-1	
-1	-1	-1	-1	-1	-1	
-1	-1	-1	-1	-1	-1	
-1	-1	-1	-1	-1	-1	
-1	-1	-1	-1	-1	-1	
-1	-1	-1	-1	-1	-1	
1248	1480	2115	982	1214	-1	
-1	-1	-1	-1	-1	-1	
-1	-1	-1	-1	-1	-1	
-1	-1	-1	-1	-1	-1	
-1	-1	-1	-1	-1	-1	
-1	-1	-1	-1	-1	-1	
-1	-1	-1	-1	-1	-1	
-1	-1	-1	-1	-1	-1	
-1	-1	-1	-1	-1	-1	
-1	-1	-1	-1	-1	-1	
-1	-1	-1	-1	-1	-1	
-1	-1	-1	-1	-1	-1	
-1	-1	-1	-1	-1	-1	
-1	-1	-1	-1	-1	-1	
-1	-1	-1	-1	-1	-1	
-1	-1	-1	-1	-1	-1	
-1	-1	-1	-1	-1	-1	
-1	-1	-1	-1	-1	-1	
-1	-1	-1	-1	-1	-1	
-1	-1	-1	-1	-1	-1	
-1	-1	-1	-1	-1	-1	
-1	-1	-1	-1	-1	-1	
-1	-1	-1	-1	-1	-1	
-1	-1	-1	-1	-1	-1	
-1	-1	-1	-1	-1	-1	
1414	1541	2173	1149	874	-1	
-1	-1	-1	-1	-1	-1	
-1	-1	-1	-1	-1	-1	
-1	-1	-1	-1	-1	-1	
-1	-1	-1	-1	-1	-1	
-1	-1	-1	-1	-1	-1	
-1	-1	-1	-1	-1	-1	
-1	-1	-1	-1	-1	-1	
-1	-1	-1	-1	-1	-1	
-1	-1	-1	-1	-1	-1	
-1	-1	-1	-1	-1	-1	
-1	-1	-1	-1	-1	-1	
-1	-1	-1	-1	-1	-1	
-1	-1	-1	-1	-1	-1	
-1	-1	-1	-1	-1	-1	
-1	-1	-1	-1	-1	-1	
-1	-1	-1	-1	-1	-1	
-1	-1	-1	-1	-1	-1	
-1	-1	-1	-1	-1	-1	
-1	-1	-1	-1	-1	-1	
-1	-1	-1	-1	-1	-1	
-1	-1	-1	-1	-1	-1	
-1	-1	-1	-1	-1	-1	
-1	-1	-1	-1	-1	-1	
-1	-1	-1	-1	-1	-1	
1695	1658	2113	1203	757	-1	
-1	-1	-1	-1	-1	-1	
-1	-1	-1	-1	-1	-1	
-1	-1	-1	-1	-1	-1	
-1	-1	-1	-1	-1	-1	
-1	-1	-1	-1	-1	-1	
-1	-1	-1	-1	-1	-1	
-1	-1	-1	-1	-1	-1	
-1	-1	-1	-1	-1	-1	
-1	-1	-1	-1	-1	-1	
-1	-1	-1	-1	-1	-1	
-1	-1	-1	-1	-1	-1	
-1	-1	-1	-1	-1	-1	
-1	-1	-1	-1	-1	-1	
-1	-1	-1	-1	-1	-1	
-1	-1	-1	-1	-1	-1	
-1	-1	-1	-1	-1	-1	
-1	-1	-1	-1	-1	-1	
-1	-1	-1	-1	-1	-1	
-1	-1	-1	-1	-1	-1	
-1	-1	-1	-1	-1	-1	
-1	-1	-1	-1	-1	-1	
-1	-1	-1	-1	-1	-1	
-1	-1	-1	-1	-1	-1	
-1	-1	-1	-1	-1	-1	
1919	1719	2221	1484	750	-1	
-1	-1	-1	-1	-1	-1	
-1	-1	-1	-1	-1	-1	
-1	-1	-1	-1	-1	-1	
-1	-1	-1	-1	-1	-1	
-1	-1	-1	-1	-1	-1	
-1	-1	-1	-1	-1	-1	
-1	-1	-1	-1	-1	-1	
-1	-1	-1	-1	-1	-1	
-1	-1	-1	-1	-1	-1	
-1	-1	-1	-1	-1	-1	
-1	-1	-1	-1	-1	-1	
-1	-1	-1	-1	-1	-1	
-1	-1	-1	-1	-1	-1	
-1	-1	-1	-1	-1	-1	
-1	-1	-1	-1	-1	-1	
-1	-1	-1	-1	-1	-1	
-1	-1	-1	-1	-1	-1	
-1	-1	-1	-1	-1	-1	
-1	-1	-1	-1	-1	-1	
-1	-1	-1	-1	-1	-1	
-1	-1	-1	-1	-1	-1	
-1	-1	-1	-1	-1	-1	
-1	-1	-1	-1	-1	-1	
-1	-1	-1	-1	-1	-1	
2034	1554	2163	1655	914	839	
-1	-1	-1	-1	-1	-1	
-1	-1	-1	-1	-1	-1	
-1	-1	-1	-1	-1	-1	
-1	-1	-1	-1	-1	-1	
-1	-1	-1	-1	-1	-1	
-1	-1	-1	-1	-1	-1	
-1	-1	-1	-1	-1	-1	
-1	-1	-1	-1	-1	-1	
-1	-1	-1	-1	-1	-1	
-1	-1	-1	-1	-1	-1	
-1	-1	-1	-1	-1	-1	
-1	-1	-1	-1	-1	-1	
-1	-1	-1	-1	-1	-1	
-1	-1	-1	-1	-1	-1	
-1	-1	-1	-1	-1	-1	
-1	-1	-1	-1	-1	-1	
-1	-1	-1	-1	-1	-1	
-1	-1	-1	-1	-1	-1	
-1	-1	-1	-1	-1	-1	
-1	-1	-1	-1	-1	-1	
-1	-1	-1	-1	-1	-1	
-1	-1	-1	-1	-1	-1	
-1	-1	-1	-1	-1	-1	
-1	-1	-1	-1	-1	-1	
2261	1556	1992	1772	1080	834	
-1	-1	-1	-1	-1	-1	
-1	-1	-1	-1	-1	-1	
-1	-1	-1	-1	-1	-1	
-1	-1	-1	-1	-1	-1	
-1	-1	-1	-1	-1	-1	
-1	-1	-1	-1	-1	-1	
-1	-1	-1	-1	-1	-1	
-1	-1	-1	-1	-1	-1	
-1	-1	-1	-1	-1	-1	
-1	-1	-1	-1	-1	-1	
-1	-1	-1	-1	-1	-1	
-1	-1	-1	-1	-1	-1	
-1	-1	-1	-1	-1	-1	
-1	-1	-1	-1	-1	-1	
-1	-1	-1	-1	-1	-1	
-1	-1	-1	-1	-1	-1	
-1	-1	-1	-1	-1	-1	
-1	-1	-1	-1	-1	-1	
-1	-1	-1	-1	-1	-1	
-1	-1	-1	-1	-1	-1	
-1	-1	-1	-1	-1	-1	
-1	-1	-1	-1	-1	-1	
-1	-1	-1	-1	-1	-1	
-1	-1	-1	-1	-1	-1	
2265	1557	1709	1942	1358	995	
-1	-1	-1	-1	-1	-1	
-1	-1	-1	-1	-1	-1	
-1	-1	-1	-1	-1	-1	
-1	-1	-1	-1	-1	-1	
-1	-1	-1	-1	-1	-1	
-1	-1	-1	-1	-1	-1	
-1	-1	-1	-1	-1	-1	
-1	-1	-1	-1	-1	-1	
-1	-1	-1	-1	-1	-1	
-1	-1	-1	-1	-1	-1	
-1	-1	-1	-1	-1	-1	
-1	-1	-1	-1	-1	-1	
-1	-1	-1	-1	-1	-1	
-1	-1	-1	-1	-1	-1	
-1	-1	-1	-1	-1	-1	
-1	-1	-1	-1	-1	-1	
-1	-1	-1	-1	-1	-1	
-1	-1	-1	-1	-1	-1	
-1	-1	-1	-1	-1	-1	
-1	-1	-1	-1	-1	-1	
-1	-1	-1	-1	-1	-1	
-1	-1	-1	-1	-1	-1	
-1	-1	-1	-1	-1	-1	
-1	-1	-1	-1	-1	-1	
2270	1444	1425	2221	1581	1157	
-1	-1	-1	-1	-1	-1	
-1	-1	-1	-1	-1	-1	
-1	-1	-1	-1	-1	-1	
-1	-1	-1	-1	-1	-1	
-1	-1	-1	-1	-1	-1	
-1	-1	-1	-1	-1	-1	
-1	-1	-1	-1	-1	-1	
-1	-1	-1	-1	-1	-1	
-1	-1	-1	-1	-1	-1	
-1	-1	-1	-1	-1	-1	
-1	-1	-1	-1	-1	-1	
-1	-1	-1	-1	-1	-1	
-1	-1	-1	-1	-1	-1	
-1	-1	-1	-1	-1	-1	
-1	-1	-1	-1	-1	-1	
-1	-1	-1	-1	-1	-1	
-1	-1	-1	-1	-1	-1	
-1	-1	-1	-1	-1	-1	
-1	-1	-1	-1	-1	-1	
-1	-1	-1	-1	-1	-1	
-1	-1	-1	-1	-1	-1	
-1	-1	-1	-1	-1	-1	
-1	-1	-1	-1	-1	-1	
-1	-1	-1	-1	-1	-1	
1994	1217	1196	2385	1859	1264	
-1	-1	-1	-1	-1	-1	
-1	-1	-1	-1	-1	-1	
-1	-1	-1	-1	-1	-1	
-1	-1	-1	-1	-1	-1	
-1	-1	-1	-1	-1	-1	
-1	-1	-1	-1	-1	-1	
-1	-1	-1	-1	-1	-1	
-1	-1	-1	-1	-1	-1	
-1	-1	-1	-1	-1	-1	
-1	-1	-1	-1	-1	-1	
-1	-1	-1	-1	-1	-1	
-1	-1	-1	-1	-1	-1	
-1	-1	-1	-1	-1	-1	
-1	-1	-1	-1	-1	-1	
-1	-1	-1	-1	-1	-1	
-1	-1	-1	-1	-1	-1	
-1	-1	-1	-1	-1	-1	
-1	-1	-1	-1	-1	-1	
-1	-1	-1	-1	-1	-1	
-1	-1	-1	-1	-1	-1	
-1	-1	-1	-1	-1	-1	
-1	-1	-1	-1	-1	-1	
-1	-1	-1	-1	-1	-1	
-1	-1	-1	-1	-1	-1	
1831	987	1135	2382	2139	1315	
-1	-1	-1	-1	-1	-1	
-1	-1	-1	-1	-1	-1	
-1	-1	-1	-1	-1	-1	
-1	-1	-1	-1	-1	-1	
-1	-1	-1	-1	-1	-1	
-1	-1	-1	-1	-1	-1	
-1	-1	-1	-1	-1	-1	
-1	-1	-1	-1	-1	-1	
-1	-1	-1	-1	-1	-1	
-1	-1	-1	-1	-1	-1	
-1	-1	-1	-1	-1	-1	
-1	-1	-1	-1	-1	-1	
-1	-1	-1	-1	-1	-1	
-1	-1	-1	-1	-1	-1	
-1	-1	-1	-1	-1	-1	
-1	-1	-1	-1	-1	-1	
-1	-1	-1	-1	-1	-1	
-1	-1	-1	-1	-1	-1	
-1	-1	-1	-1	-1	-1	
-1	-1	-1	-1	-1	-1	
-1	-1	-1	-1	-1	-1	
-1	-1	-1	-1	-1	-1	
-1	-1	-1	-1	-1	-1	
-1	-1	-1	-1	-1	-1	
1608	869	1357	2214	2311	1479	
-1	-1	-1	-1	-1	-1	
-1	-1	-1	-1	-1	-1	
-1	-1	-1	-1	-1	-1	
-1	-1	-1	-1	-1	-1	
-1	-1	-1	-1	-1	-1	
-1	-1	-1	-1	-1	-1	
-1	-1	-1	-1	-1	-1	
-1	-1	-1	-1	-1	-1	
-1	-1	-1	-1	-1	-1	
-1	-1	-1	-1	-1	-1	
-1	-1	-1	-1	-1	-1	
-1	-1	-1	-1	-1	-1	
-1	-1	-1	-1	-1	-1	
-1	-1	-1	-1	-1	-1	
-1	-1	-1	-1	-1	-1	
-1	-1	-1	-1	-1	-1	
-1	-1	-1	-1	-1	-1	
-1	-1	-1	-1	-1	-1	
-1	-1	-1	-1	-1	-1	
-1	-1	-1	-1	-1	-1	
-1	-1	-1	-1	-1	-1	
-1	-1	-1	-1	-1	-1	
-1	-1	-1	-1	-1	-1	
-1	-1	-1	-1	-1	-1	
1272	920	1579	1933	2482	1532	
-1	-1	-1	-1	-1	-1	
-1	-1	-1	-1	-1	-1	
-1	-1	-1	-1	-1	-1	
-1	-1	-1	-1	-1	-1	
-1	-1	-1	-1	-1	-1	
-1	-1	-1	-1	-1	-1	
-1	-1	-1	-1	-1	-1	
-1	-1	-1	-1	-1	-1	
-1	-1	-1	-1	-1	-1	
-1	-1	-1	-1	-1	-1	
-1	-1	-1	-1	-1	-1	
-1	-1	-1	-1	-1	-1	
-1	-1	-1	-1	-1	-1	
-1	-1	-1	-1	-1	-1	
-1	-1	-1	-1	-1	-1	
-1	-1	-1	-1	-1	-1	
-1	-1	-1	-1	-1	-1	
-1	-1	-1	-1	-1	-1	
-1	-1	-1	-1	-1	-1	
-1	-1	-1	-1	-1	-1	
-1	-1	-1	-1	-1	-1	
-1	-1	-1	-1	-1	-1	
-1	-1	-1	-1	-1	-1	
-1	-1	-1	-1	-1	-1	
1157	859	1804	1710	2653	1585	
-1	-1	-1	-1	-1	-1	
-1	-1	-1	-1	-1	-1	
-1	-1	-1	-1	-1	-1	
-1	-1	-1	-1	-1	-1	
-1	-1	-1	-1	-1	-1	
-1	-1	-1	-1	-1	-1	
-1	-1	-1	-1	-1	-1	
-1	-1	-1	-1	-1	-1	
-1	-1	-1	-1	-1	-1	
-1	-1	-1	-1	-1	-1	
-1	-1	-1	-1	-1	-1	
-1	-1	-1	-1	-1	-1	
-1	-1	-1	-1	-1	-1	
-1	-1	-1	-1	-1	-1	
-1	-1	-1	-1	-1	-1	
-1	-1	-1	-1	-1	-1	
-1	-1	-1	-1	-1	-1	
-1	-1	-1	-1	-1	-1	
-1	-1	-1	-1	-1	-1	
-1	-1	-1	-1	-1	-1	
-1	-1	-1	-1	-1	-1	
-1	-1	-1	-1	-1	-1	
-1	-1	-1	-1	-1	-1	
-1	-1	-1	-1	-1	-1	
1042	860	1918	1595	2602	1415	
-1	-1	-1	-1	-1	-1	
-1	-1	-1	-1	-1	-1	
-1	-1	-1	-1	-1	-1	
-1	-1	-1	-1	-1	-1	
-1	-1	-1	-1	-1	-1	
-1	-1	-1	-1	-1	-1	
-1	-1	-1	-1	-1	-1	
-1	-1	-1	-1	-1	-1	
-1	-1	-1	-1	-1	-1	
-1	-1	-1	-1	-1	-1	
-1	-1	-1	-1	-1	-1	
-1	-1	-1	-1	-1	-1	
-1	-1	-1	-1	-1	-1	
-1	-1	-1	-1	-1	-1	
-1	-1	-1	-1	-1	-1	
-1	-1	-1	-1	-1	-1	
-1	-1	-1	-1	-1	-1	
-1	-1	-1	-1	-1	-1	
-1	-1	-1	-1	-1	-1	
-1	-1	-1	-1	-1	-1	
-1	-1	-1	-1	-1	-1	
-1	-1	-1	-1	-1	-1	
-1	-1	-1	-1	-1	-1	
-1	-1	-1	-1	-1	-1	
1155	865	1809	1366	2606	1190	
-1	-1	-1	-1	-1	-1	
-1	-1	-1	-1	-1	-1	
-1	-1	-1	-1	-1	-1	
-1	-1	-1	-1	-1	-1	
-1	-1	-1	-1	-1	-1	
-1	-1	-1	-1	-1	-1	
-1	-1	-1	-1	-1	-1	
-1	-1	-1	-1	-1	-1	
-1	-1	-1	-1	-1	-1	
-1	-1	-1	-1	-1	-1	
-1	-1	-1	-1	-1	-1	
-1	-1	-1	-1	-1	-1	
-1	-1	-1	-1	-1	-1	
-1	-1	-1	-1	-1	-1	
-1	-1	-1	-1	-1	-1	
-1	-1	-1	-1	-1	-1	
-1	-1	-1	-1	-1	-1	
-1	-1	-1	-1	-1	-1	
-1	-1	-1	-1	-1	-1	
-1	-1	-1	-1	-1	-1	
-1	-1	-1	-1	-1	-1	
-1	-1	-1	-1	-1	-1	
-1	-1	-1	-1	-1	-1	
-1	-1	-1	-1	-1	-1	
1379	983	1701	1361	2443	1025	
-1	-1	-1	-1	-1	-1	
-1	-1	-1	-1	-1	-1	
-1	-1	-1	-1	-1	-1	
-1	-1	-1	-1	-1	-1	
-1	-1	-1	-1	-1	-1	
-1	-1	-1	-1	-1	-1	
-1	-1	-1	-1	-1	-1	
-1	-1	-1	-1	-1	-1	
-1	-1	-1	-1	-1	-1	
-1	-1	-1	-1	-1	-1	
-1	-1	-1	-1	-1	-1	
-1	-1	-1	-1	-1	-1	
-1	-1	-1	-1	-1	-1	
-1	-1	-1	-1	-1	-1	
-1	-1	-1	-1	-1	-1	
-1	-1	-1	-1	-1	-1	
-1	-1	-1	-1	-1	-1	
-1	-1	-1	-1	-1	-1	
-1	-1	-1	-1	-1	-1	
-1	-1	-1	-1	-1	-1	
-1	-1	-1	-1	-1	-1	
-1	-1	-1	-1	-1	-1	
-1	-1	-1	-1	-1	-1	
-1	-1	-1	-1	-1	-1	
1660	1157	1482	1414	2279	916	
-1	-1	-1	-1	-1	-1	
-1	-1	-1	-1	-1	-1	
-1	-1	-1	-1	-1	-1	
-1	-1	-1	-1	-1	-1	
-1	-1	-1	-1	-1	-1	
-1	-1	-1	-1	-1	-1	
-1	-1	-1	-1	-1	-1	
-1	-1	-1	-1	-1	-1	
-1	-1	-1	-1	-1	-1	
-1	-1	-1	-1	-1	-1	
-1	-1	-1	-1	-1	-1	
-1	-1	-1	-1	-1	-1	
-1	-1	-1	-1	-1	-1	
-1	-1	-1	-1	-1	-1	
-1	-1	-1	-1	-1	-1	
-1	-1	-1	-1	-1	-1	
-1	-1	-1	-1	-1	-1	
-1	-1	-1	-1	-1	-1	
-1	-1	-1	-1	-1	-1	
-1	-1	-1	-1	-1	-1	
-1	-1	-1	-1	-1	-1	
-1	-1	-1	-1	-1	-1	
-1	-1	-1	-1	-1	-1	
-1	-1	-1	-1	-1	-1	
1939	1384	1206	1692	2116	973	
-1	-1	-1	-1	-1	-1	
-1	-1	-1	-1	-1	-1	
-1	-1	-1	-1	-1	-1	
-1	-1	-1	-1	-1	-1	
-1	-1	-1	-1	-1	-1	
-1	-1	-1	-1	-1	-1	
-1	-1	-1	-1	-1	-1	
-1	-1	-1	-1	-1	-1	
-1	-1	-1	-1	-1	-1	
-1	-1	-1	-1	-1	-1	
-1	-1	-1	-1	-1	-1	
-1	-1	-1	-1	-1	-1	
-1	-1	-1	-1	-1	-1	
-1	-1	-1	-1	-1	-1	
-1	-1	-1	-1	-1	-1	
-1	-1	-1	-1	-1	-1	
-1	-1	-1	-1	-1	-1	
-1	-1	-1	-1	-1	-1	
-1	-1	-1	-1	-1	-1	
-1	-1	-1	-1	-1	-1	
-1	-1	-1	-1	-1	-1	
-1	-1	-1	-1	-1	-1	
-1	-1	-1	-1	-1	-1	
-1	-1	-1	-1	-1	-1	
2160	1547	1098	1972	1838	1199	
-1	-1	-1	-1	-1	-1	
-1	-1	-1	-1	-1	-1	
-1	-1	-1	-1	-1	-1	
-1	-1	-1	-1	-1	-1	
-1	-1	-1	-1	-1	-1	
-1	-1	-1	-1	-1	-1	
-1	-1	-1	-1	-1	-1	
-1	-1	-1	-1	-1	-1	
-1	-1	-1	-1	-1	-1	
-1	-1	-1	-1	-1	-1	
-1	-1	-1	-1	-1	-1	
-1	-1	-1	-1	-1	-1	
-1	-1	-1	-1	-1	-1	
-1	-1	-1	-1	-1	-1	
-1	-1	-1	-1	-1	-1	
-1	-1	-1	-1	-1	-1	
-1	-1	-1	-1	-1	-1	
-1	-1	-1	-1	-1	-1	
-1	-1	-1	-1	-1	-1	
-1	-1	-1	-1	-1	-1	
-1	-1	-1	-1	-1	-1	
-1	-1	-1	-1	-1	-1	
-1	-1	-1	-1	-1	-1	
-1	-1	-1	-1	-1	-1	
2267	1764	1159	2142	1558	1369	
-1	-1	-1	-1	-1	-1	
-1	-1	-1	-1	-1	-1	
-1	-1	-1	-1	-1	-1	
-1	-1	-1	-1	-1	-1	
-1	-1	-1	-1	-1	-1	
-1	-1	-1	-1	-1	-1	
-1	-1	-1	-1	-1	-1	
-1	-1	-1	-1	-1	-1	
-1	-1	-1	-1	-1	-1	
-1	-1	-1	-1	-1	-1	
-1	-1	-1	-1	-1	-1	
-1	-1	-1	-1	-1	-1	
-1	-1	-1	-1	-1	-1	
-1	-1	-1	-1	-1	-1	
-1	-1	-1	-1	-1	-1	
-1	-1	-1	-1	-1	-1	
-1	-1	-1	-1	-1	-1	
-1	-1	-1	-1	-1	-1	
-1	-1	-1	-1	-1	-1	
-1	-1	-1	-1	-1	-1	
-1	-1	-1	-1	-1	-1	
-1	-1	-1	-1	-1	-1	
-1	-1	-1	-1	-1	-1	
-1	-1	-1	-1	-1	-1	
2205	1700	1385	2425	1335	1595	
-1	-1	-1	-1	-1	-1	
-1	-1	-1	-1	-1	-1	
-1	-1	-1	-1	-1	-1	
-1	-1	-1	-1	-1	-1	
-1	-1	-1	-1	-1	-1	
-1	-1	-1	-1	-1	-1	
-1	-1	-1	-1	-1	-1	
-1	-1	-1	-1	-1	-1	
-1	-1	-1	-1	-1	-1	
-1	-1	-1	-1	-1	-1	
-1	-1	-1	-1	-1	-1	
-1	-1	-1	-1	-1	-1	
-1	-1	-1	-1	-1	-1	
-1	-1	-1	-1	-1	-1	
-1	-1	-1	-1	-1	-1	
-1	-1	-1	-1	-1	-1	
-1	-1	-1	-1	-1	-1	
-1	-1	-1	-1	-1	-1	
-1	-1	-1	-1	-1	-1	
-1	-1	-1	-1	-1	-1	
-1	-1	-1	-1	-1	-1	
-1	-1	-1	-1	-1	-1	
-1	-1	-1	-1	-1	-1	
-1	-1	-1	-1	-1	-1	
2035	1583	1667	2486	1109	1932	
-1	-1	-1	-1	-1	-1	
-1	-1	-1	-1	-1	-1	
-1	-1	-1	-1	-1	-1	
-1	-1	-1	-1	-1	-1	
-1	-1	-1	-1	-1	-1	
-1	-1	-1	-1	-1	-1	
-1	-1	-1	-1	-1	-1	
-1	-1	-1	-1	-1	-1	
-1	-1	-1	-1	-1	-1	
-1	-1	-1	-1	-1	-1	
-1	-1	-1	-1	-1	-1	
-1	-1	-1	-1	-1	-1	
-1	-1	-1	-1	-1	-1	
-1	-1	-1	-1	-1	-1	
-1	-1	-1	-1	-1	-1	
-1	-1	-1	-1	-1	-1	
-1	-1	-1	-1	-1	-1	
-1	-1	-1	-1	-1	-1	
-1	-1	-1	-1	-1	-1	
-1	-1	-1	-1	-1	-1	
-1	-1	-1	-1	-1	-1	
-1	-1	-1	-1	-1	-1	
-1	-1	-1	-1	-1	-1	
-1	-1	-1	-1	-1	-1	
1753	1245	1889	2771	993	2158	
-1	-1	-1	-1	-1	-1	
-1	-1	-1	-1	-1	-1	
-1	-1	-1	-1	-1	-1	
-1	-1	-1	-1	-1	-1	
-1	-1	-1	-1	-1	-1	
-1	-1	-1	-1	-1	-1	
-1	-1	-1	-1	-1	-1	
-1	-1	-1	-1	-1	-1	
-1	-1	-1	-1	-1	-1	
-1	-1	-1	-1	-1	-1	
-1	-1	-1	-1	-1	-1	
-1	-1	-1	-1	-1	-1	
-1	-1	-1	-1	-1	-1	
-1	-1	-1	-1	-1	-1	
-1	-1	-1	-1	-1	-1	
-1	-1	-1	-1	-1	-1	
-1	-1	-1	-1	-1	-1	
-1	-1	-1	-1	-1	-1	
-1	-1	-1	-1	-1	-1	
-1	-1	-1	-1	-1	-1	
-1	-1	-1	-1	-1	-1	
-1	-1	-1	-1	-1	-1	
-1	-1	-1	-1	-1	-1	
-1	-1	-1	-1	-1	-1	
1587	1133	1998	2549	876	2330	
-1	-1	-1	-1	-1	-1	
-1	-1	-1	-1	-1	-1	
-1	-1	-1	-1	-1	-1	
-1	-1	-1	-1	-1	-1	
-1	-1	-1	-1	-1	-1	
-1	-1	-1	-1	-1	-1	
-1	-1	-1	-1	-1	-1	
-1	-1	-1	-1	-1	-1	
-1	-1	-1	-1	-1	-1	
-1	-1	-1	-1	-1	-1	
-1	-1	-1	-1	-1	-1	
-1	-1	-1	-1	-1	-1	
-1	-1	-1	-1	-1	-1	
-1	-1	-1	-1	-1	-1	
-1	-1	-1	-1	-1	-1	
-1	-1	-1	-1	-1	-1	
-1	-1	-1	-1	-1	-1	
-1	-1	-1	-1	-1	-1	
-1	-1	-1	-1	-1	-1	
-1	-1	-1	-1	-1	-1	
-1	-1	-1	-1	-1	-1	
-1	-1	-1	-1	-1	-1	
-1	-1	-1	-1	-1	-1	
-1	-1	-1	-1	-1	-1	
1480	1076	1881	2437	815	2221	
-1	-1	-1	-1	-1	-1	
-1	-1	-1	-1	-1	-1	
-1	-1	-1	-1	-1	-1	
-1	-1	-1	-1	-1	-1	
-1	-1	-1	-1	-1	-1	
-1	-1	-1	-1	-1	-1	
-1	-1	-1	-1	-1	-1	
-1	-1	-1	-1	-1	-1	
-1	-1	-1	-1	-1	-1	
-1	-1	-1	-1	-1	-1	
-1	-1	-1	-1	-1	-1	
-1	-1	-1	-1	-1	-1	
-1	-1	-1	-1	-1	-1	
-1	-1	-1	-1	-1	-1	
-1	-1	-1	-1	-1	-1	
-1	-1	-1	-1	-1	-1	
-1	-1	-1	-1	-1	-1	
-1	-1	-1	-1	-1	-1	
-1	-1	-1	-1	-1	-1	
-1	-1	-1	-1	-1	-1	
-1	-1	-1	-1	-1	-1	
-1	-1	-1	-1	-1	-1	
-1	-1	-1	-1	-1	-1	
-1	-1	-1	-1	-1	-1	
1486	1411	1819	2269	754	2114	
-1	-1	-1	-1	-1	-1	
-1	-1	-1	-1	-1	-1	
-1	-1	-1	-1	-1	-1	
-1	-1	-1	-1	-1	-1	
-1	-1	-1	-1	-1	-1	
-1	-1	-1	-1	-1	-1	
-1	-1	-1	-1	-1	-1	
-1	-1	-1	-1	-1	-1	
-1	-1	-1	-1	-1	-1	
-1	-1	-1	-1	-1	-1	
-1	-1	-1	-1	-1	-1	
-1	-1	-1	-1	-1	-1	
-1	-1	-1	-1	-1	-1	
-1	-1	-1	-1	-1	-1	
-1	-1	-1	-1	-1	-1	
-1	-1	-1	-1	-1	-1	
-1	-1	-1	-1	-1	-1	
-1	-1	-1	-1	-1	-1	
-1	-1	-1	-1	-1	-1	
-1	-1	-1	-1	-1	-1	
-1	-1	-1	-1	-1	-1	
-1	-1	-1	-1	-1	-1	
-1	-1	-1	-1	-1	-1	
-1	-1	-1	-1	-1	-1	
1546	1859	1758	1989	749	1892	
-1	-1	-1	-1	-1	-1	
-1	-1	-1	-1	-1	-1	
-1	-1	-1	-1	-1	-1	
-1	-1	-1	-1	-1	-1	
-1	-1	-1	-1	-1	-1	
-1	-1	-1	-1	-1	-1	
-1	-1	-1	-1	-1	-1	
-1	-1	-1	-1	-1	-1	
-1	-1	-1	-1	-1	-1	
-1	-1	-1	-1	-1	-1	
-1	-1	-1	-1	-1	-1	
-1	-1	-1	-1	-1	-1	
-1	-1	-1	-1	-1	-1	
-1	-1	-1	-1	-1	-1	
-1	-1	-1	-1	-1	-1	
-1	-1	-1	-1	-1	-1	
-1	-1	-1	-1	-1	-1	
-1	-1	-1	-1	-1	-1	
-1	-1	-1	-1	-1	-1	
-1	-1	-1	-1	-1	-1	
-1	-1	-1	-1	-1	-1	
-1	-1	-1	-1	-1	-1	
-1	-1	-1	-1	-1	-1	
-1	-1	-1	-1	-1	-1	
1774	2199	1697	1766	800	1669	
-1	-1	-1	-1	-1	-1	
-1	-1	-1	-1	-1	-1	
-1	-1	-1	-1	-1	-1	
-1	-1	-1	-1	-1	-1	
-1	-1	-1	-1	-1	-1	
-1	-1	-1	-1	-1	-1	
-1	-1	-1	-1	-1	-1	
-1	-1	-1	-1	-1	-1	
-1	-1	-1	-1	-1	-1	
-1	-1	-1	-1	-1	-1	
-1	-1	-1	-1	-1	-1	
-1	-1	-1	-1	-1	-1	
-1	-1	-1	-1	-1	-1	
-1	-1	-1	-1	-1	-1	
-1	-1	-1	-1	-1	-1	
-1	-1	-1	-1	-1	-1	
-1	-1	-1	-1	-1	-1	
-1	-1	-1	-1	-1	-1	
-1	-1	-1	-1	-1	-1	
-1	-1	-1	-1	-1	-1	
-1	-1	-1	-1	-1	-1	
-1	-1	-1	-1	-1	-1	
-1	-1	-1	-1	-1	-1	
-1	-1	-1	-1	-1	-1	
1834	2316	1582	1427	1077	1499	
-1	-1	-1	-1	-1	-1	
-1	-1	-1	-1	-1	-1	
-1	-1	-1	-1	-1	-1	
-1	-1	-1	-1	-1	-1	
-1	-1	-1	-1	-1	-1	
-1	-1	-1	-1	-1	-1	
-1	-1	-1	-1	-1	-1	
-1	-1	-1	-1	-1	-1	
-1	-1	-1	-1	-1	-1	
-1	-1	-1	-1	-1	-1	
-1	-1	-1	-1	-1	-1	
-1	-1	-1	-1	-1	-1	
-1	-1	-1	-1	-1	-1	
-1	-1	-1	-1	-1	-1	
-1	-1	-1	-1	-1	-1	
-1	-1	-1	-1	-1	-1	
-1	-1	-1	-1	-1	-1	
-1	-1	-1	-1	-1	-1	
-1	-1	-1	-1	-1	-1	
-1	-1	-1	-1	-1	-1	
-1	-1	-1	-1	-1	-1	
-1	-1	-1	-1	-1	-1	
-1	-1	-1	-1	-1	-1	
-1	-1	-1	-1	-1	-1	
1832	2265	1360	1146	1242	1385	
-1	-1	-1	-1	-1	-1	
-1	-1	-1	-1	-1	-1	
-1	-1	-1	-1	-1	-1	
-1	-1	-1	-1	-1	-1	
-1	-1	-1	-1	-1	-1	
-1	-1	-1	-1	-1	-1	
-1	-1	-1	-1	-1	-1	
-1	-1	-1	-1	-1	-1	
-1	-1	-1	-1	-1	-1	
-1	-1	-1	-1	-1	-1	
-1	-1	-1	-1	-1	-1	
-1	-1	-1	-1	-1	-1	
-1	-1	-1	-1	-1	-1	
-1	-1	-1	-1	-1	-1	
-1	-1	-1	-1	-1	-1	
-1	-1	-1	-1	-1	-1	
-1	-1	-1	-1	-1	-1	
-1	-1	-1	-1	-1	-1	
-1	-1	-1	-1	-1	-1	
-1	-1	-1	-1	-1	-1	
-1	-1	-1	-1	-1	-1	
-1	-1	-1	-1	-1	-1	
-1	-1	-1	-1	-1	-1	
-1	-1	-1	-1	-1	-1	
1715	2159	1196	864	1633	1325	
-1	-1	-1	-1	-1	-1	
-1	-1	-1	-1	-1	-1	
-1	-1	-1	-1	-1	-1	
-1	-1	-1	-1	-1	-1	
-1	-1	-1	-1	-1	-1	
-1	-1	-1	-1	-1	-1	
-1	-1	-1	-1	-1	-1	
-1	-1	-1	-1	-1	-1	
-1	-1	-1	-1	-1	-1	
-1	-1	-1	-1	-1	-1	
-1	-1	-1	-1	-1	-1	
-1	-1	-1	-1	-1	-1	
-1	-1	-1	-1	-1	-1	
-1	-1	-1	-1	-1	-1	
-1	-1	-1	-1	-1	-1	
-1	-1	-1	-1	-1	-1	
-1	-1	-1	-1	-1	-1	
-1	-1	-1	-1	-1	-1	
-1	-1	-1	-1	-1	-1	
-1	-1	-1	-1	-1	-1	
-1	-1	-1	-1	-1	-1	
-1	-1	-1	-1	-1	-1	
-1	-1	-1	-1	-1	-1	
-1	-1	-1	-1	-1	-1	
1710	1941	1145	754	1914	1377	
-1	-1	-1	-1	-1	-1	
-1	-1	-1	-1	-1	-1	
-1	-1	-1	-1	-1	-1	
-1	-1	-1	-1	-1	-1	
-1	-1	-1	-1	-1	-1	
-1	-1	-1	-1	-1	-1	
-1	-1	-1	-1	-1	-1	
-1	-1	-1	-1	-1	-1	
-1	-1	-1	-1	-1	-1	
-1	-1	-1	-1	-1	-1	
-1	-1	-1	-1	-1	-1	
-1	-1	-1	-1	-1	-1	
-1	-1	-1	-1	-1	-1	
-1	-1	-1	-1	-1	-1	
-1	-1	-1	-1	-1	-1	
-1	-1	-1	-1	-1	-1	
-1	-1	-1	-1	-1	-1	
-1	-1	-1	-1	-1	-1	
-1	-1	-1	-1	-1	-1	
-1	-1	-1	-1	-1	-1	
-1	-1	-1	-1	-1	-1	
-1	-1	-1	-1	-1	-1	
-1	-1	-1	-1	-1	-1	
-1	-1	-1	-1	-1	-1	
1592	1664	1152	702	2140	1373	
-1	-1	-1	-1	-1	-1	
-1	-1	-1	-1	-1	-1	
-1	-1	-1	-1	-1	-1	
-1	-1	-1	-1	-1	-1	
-1	-1	-1	-1	-1	-1	
-1	-1	-1	-1	-1	-1	
-1	-1	-1	-1	-1	-1	
-1	-1	-1	-1	-1	-1	
-1	-1	-1	-1	-1	-1	
-1	-1	-1	-1	-1	-1	
-1	-1	-1	-1	-1	-1	
-1	-1	-1	-1	-1	-1	
-1	-1	-1	-1	-1	-1	
-1	-1	-1	-1	-1	-1	
-1	-1	-1	-1	-1	-1	
-1	-1	-1	-1	-1	-1	
-1	-1	-1	-1	-1	-1	
-1	-1	-1	-1	-1	-1	
-1	-1	-1	-1	-1	-1	
-1	-1	-1	-1	-1	-1	
-1	-1	-1	-1	-1	-1	
-1	-1	-1	-1	-1	-1	
-1	-1	-1	-1	-1	-1	
-1	-1	-1	-1	-1	-1	
1475	1887	1269	814	2313	1370	
-1	-1	-1	-1	-1	-1	
-1	-1	-1	-1	-1	-1	
-1	-1	-1	-1	-1	-1	
-1	-1	-1	-1	-1	-1	
-1	-1	-1	-1	-1	-1	
-1	-1	-1	-1	-1	-1	
-1	-1	-1	-1	-1	-1	
-1	-1	-1	-1	-1	-1	
-1	-1	-1	-1	-1	-1	
-1	-1	-1	-1	-1	-1	
-1	-1	-1	-1	-1	-1	
-1	-1	-1	-1	-1	-1	
-1	-1	-1	-1	-1	-1	
-1	-1	-1	-1	-1	-1	
-1	-1	-1	-1	-1	-1	
-1	-1	-1	-1	-1	-1	
-1	-1	-1	-1	-1	-1	
-1	-1	-1	-1	-1	-1	
-1	-1	-1	-1	-1	-1	
-1	-1	-1	-1	-1	-1	
-1	-1	-1	-1	-1	-1	
-1	-1	-1	-1	-1	-1	
-1	-1	-1	-1	-1	-1	
-1	-1	-1	-1	-1	-1	
1415	1993	1386	983	2484	1422	
-1	-1	-1	-1	-1	-1	
-1	-1	-1	-1	-1	-1	
-1	-1	-1	-1	-1	-1	
-1	-1	-1	-1	-1	-1	
-1	-1	-1	-1	-1	-1	
-1	-1	-1	-1	-1	-1	
-1	-1	-1	-1	-1	-1	
-1	-1	-1	-1	-1	-1	
-1	-1	-1	-1	-1	-1	
-1	-1	-1	-1	-1	-1	
-1	-1	-1	-1	-1	-1	
-1	-1	-1	-1	-1	-1	
-1	-1	-1	-1	-1	-1	
-1	-1	-1	-1	-1	-1	
-1	-1	-1	-1	-1	-1	
-1	-1	-1	-1	-1	-1	
-1	-1	-1	-1	-1	-1	
-1	-1	-1	-1	-1	-1	
-1	-1	-1	-1	-1	-1	
-1	-1	-1	-1	-1	-1	
-1	-1	-1	-1	-1	-1	
-1	-1	-1	-1	-1	-1	
-1	-1	-1	-1	-1	-1	
-1	-1	-1	-1	-1	-1	
1581	2100	1555	1210	2488	1643	
-1	-1	-1	-1	-1	-1	
-1	-1	-1	-1	-1	-1	
-1	-1	-1	-1	-1	-1	
-1	-1	-1	-1	-1	-1	
-1	-1	-1	-1	-1	-1	
-1	-1	-1	-1	-1	-1	
-1	-1	-1	-1	-1	-1	
-1	-1	-1	-1	-1	-1	
-1	-1	-1	-1	-1	-1	
-1	-1	-1	-1	-1	-1	
-1	-1	-1	-1	-1	-1	
-1	-1	-1	-1	-1	-1	
-1	-1	-1	-1	-1	-1	
-1	-1	-1	-1	-1	-1	
-1	-1	-1	-1	-1	-1	
-1	-1	-1	-1	-1	-1	
-1	-1	-1	-1	-1	-1	
-1	-1	-1	-1	-1	-1	
-1	-1	-1	-1	-1	-1	
-1	-1	-1	-1	-1	-1	
-1	-1	-1	-1	-1	-1	
-1	-1	-1	-1	-1	-1	
-1	-1	-1	-1	-1	-1	
-1	-1	-1	-1	-1	-1	
1526	2043	1836	1272	2438	1697	
-1	-1	-1	-1	-1	-1	
-1	-1	-1	-1	-1	-1	
-1	-1	-1	-1	-1	-1	
-1	-1	-1	-1	-1	-1	
-1	-1	-1	-1	-1	-1	
-1	-1	-1	-1	-1	-1	
-1	-1	-1	-1	-1	-1	
-1	-1	-1	-1	-1	-1	
-1	-1	-1	-1	-1	-1	
-1	-1	-1	-1	-1	-1	
-1	-1	-1	-1	-1	-1	
-1	-1	-1	-1	-1	-1	
-1	-1	-1	-1	-1	-1	
-1	-1	-1	-1	-1	-1	
-1	-1	-1	-1	-1	-1	
-1	-1	-1	-1	-1	-1	
-1	-1	-1	-1	-1	-1	
-1	-1	-1	-1	-1	-1	
-1	-1	-1	-1	-1	-1	
-1	-1	-1	-1	-1	-1	
-1	-1	-1	-1	-1	-1	
-1	-1	-1	-1	-1	-1	
-1	-1	-1	-1	-1	-1	
-1	-1	-1	-1	-1	-1	
1529	1595	1946	1387	2331	1863	
-1	-1	-1	-1	-1	-1	
-1	-1	-1	-1	-1	-1	
-1	-1	-1	-1	-1	-1	
-1	-1	-1	-1	-1	-1	
-1	-1	-1	-1	-1	-1	
-1	-1	-1	-1	-1	-1	
-1	-1	-1	-1	-1	-1	
-1	-1	-1	-1	-1	-1	
-1	-1	-1	-1	-1	-1	
-1	-1	-1	-1	-1	-1	
-1	-1	-1	-1	-1	-1	
-1	-1	-1	-1	-1	-1	
-1	-1	-1	-1	-1	-1	
-1	-1	-1	-1	-1	-1	
-1	-1	-1	-1	-1	-1	
-1	-1	-1	-1	-1	-1	
-1	-1	-1	-1	-1	-1	
-1	-1	-1	-1	-1	-1	
-1	-1	-1	-1	-1	-1	
-1	-1	-1	-1	-1	-1	
-1	-1	-1	-1	-1	-1	
-1	-1	-1	-1	-1	-1	
-1	-1	-1	-1	-1	-1	
-1	-1	-1	-1	-1	-1	
1590	1090	2054	1556	2224	1694	
-1	-1	-1	-1	-1	-1	
-1	-1	-1	-1	-1	-1	
-1	-1	-1	-1	-1	-1	
-1	-1	-1	-1	-1	-1	
-1	-1	-1	-1	-1	-1	
-1	-1	-1	-1	-1	-1	
-1	-1	-1	-1	-1	-1	
-1	-1	-1	-1	-1	-1	
-1	-1	-1	-1	-1	-1	
-1	-1	-1	-1	-1	-1	
-1	-1	-1	-1	-1	-1	
-1	-1	-1	-1	-1	-1	
-1	-1	-1	-1	-1	-1	
-1	-1	-1	-1	-1	-1	
-1	-1	-1	-1	-1	-1	
-1	-1	-1	-1	-1	-1	
-1	-1	-1	-1	-1	-1	
-1	-1	-1	-1	-1	-1	
-1	-1	-1	-1	-1	-1	
-1	-1	-1	-1	-1	-1	
-1	-1	-1	-1	-1	-1	
-1	-1	-1	-1	-1	-1	
-1	-1	-1	-1	-1	-1	
-1	-1	-1	-1	-1	-1	
1596	864	2049	1666	2061	1581	
-1	-1	-1	-1	-1	-1	
-1	-1	-1	-1	-1	-1	
-1	-1	-1	-1	-1	-1	
-1	-1	-1	-1	-1	-1	
-1	-1	-1	-1	-1	-1	
-1	-1	-1	-1	-1	-1	
-1	-1	-1	-1	-1	-1	
-1	-1	-1	-1	-1	-1	
-1	-1	-1	-1	-1	-1	
-1	-1	-1	-1	-1	-1	
-1	-1	-1	-1	-1	-1	
-1	-1	-1	-1	-1	-1	
-1	-1	-1	-1	-1	-1	
-1	-1	-1	-1	-1	-1	
-1	-1	-1	-1	-1	-1	
-1	-1	-1	-1	-1	-1	
-1	-1	-1	-1	-1	-1	
-1	-1	-1	-1	-1	-1	
-1	-1	-1	-1	-1	-1	
-1	-1	-1	-1	-1	-1	
-1	-1	-1	-1	-1	-1	
-1	-1	-1	-1	-1	-1	
-1	-1	-1	-1	-1	-1	
-1	-1	-1	-1	-1	-1	
1601	804	1989	1888	1839	1472	
-1	-1	-1	-1	-1	-1	
-1	-1	-1	-1	-1	-1	
-1	-1	-1	-1	-1	-1	
-1	-1	-1	-1	-1	-1	
-1	-1	-1	-1	-1	-1	
-1	-1	-1	-1	-1	-1	
-1	-1	-1	-1	-1	-1	
-1	-1	-1	-1	-1	-1	
-1	-1	-1	-1	-1	-1	
-1	-1	-1	-1	-1	-1	
-1	-1	-1	-1	-1	-1	
-1	-1	-1	-1	-1	-1	
-1	-1	-1	-1	-1	-1	
-1	-1	-1	-1	-1	-1	
-1	-1	-1	-1	-1	-1	
-1	-1	-1	-1	-1	-1	
-1	-1	-1	-1	-1	-1	
-1	-1	-1	-1	-1	-1	
-1	-1	-1	-1	-1	-1	
-1	-1	-1	-1	-1	-1	
-1	-1	-1	-1	-1	-1	
-1	-1	-1	-1	-1	-1	
-1	-1	-1	-1	-1	-1	
-1	-1	-1	-1	-1	-1	
1381	911	1872	1940	1558	1306	
-1	-1	-1	-1	-1	-1	
-1	-1	-1	-1	-1	-1	
-1	-1	-1	-1	-1	-1	
-1	-1	-1	-1	-1	-1	
-1	-1	-1	-1	-1	-1	
-1	-1	-1	-1	-1	-1	
-1	-1	-1	-1	-1	-1	
-1	-1	-1	-1	-1	-1	
-1	-1	-1	-1	-1	-1	
-1	-1	-1	-1	-1	-1	
-1	-1	-1	-1	-1	-1	
-1	-1	-1	-1	-1	-1	
-1	-1	-1	-1	-1	-1	
-1	-1	-1	-1	-1	-1	
-1	-1	-1	-1	-1	-1	
-1	-1	-1	-1	-1	-1	
-1	-1	-1	-1	-1	-1	
-1	-1	-1	-1	-1	-1	
-1	-1	-1	-1	-1	-1	
-1	-1	-1	-1	-1	-1	
-1	-1	-1	-1	-1	-1	
-1	-1	-1	-1	-1	-1	
-1	-1	-1	-1	-1	-1	
-1	-1	-1	-1	-1	-1	
1268	1188	1811	2104	1333	1254	
-1	-1	-1	-1	-1	-1	
-1	-1	-1	-1	-1	-1	
-1	-1	-1	-1	-1	-1	
-1	-1	-1	-1	-1	-1	
-1	-1	-1	-1	-1	-1	
-1	-1	-1	-1	-1	-1	
-1	-1	-1	-1	-1	-1	
-1	-1	-1	-1	-1	-1	
-1	-1	-1	-1	-1	-1	
-1	-1	-1	-1	-1	-1	
-1	-1	-1	-1	-1	-1	
-1	-1	-1	-1	-1	-1	
-1	-1	-1	-1	-1	-1	
-1	-1	-1	-1	-1	-1	
-1	-1	-1	-1	-1	-1	
-1	-1	-1	-1	-1	-1	
-1	-1	-1	-1	-1	-1	
-1	-1	-1	-1	-1	-1	
-1	-1	-1	-1	-1	-1	
-1	-1	-1	-1	-1	-1	
-1	-1	-1	-1	-1	-1	
-1	-1	-1	-1	-1	-1	
-1	-1	-1	-1	-1	-1	
-1	-1	-1	-1	-1	-1	
1265	1467	1696	2100	1106	1257	
-1	-1	-1	-1	-1	-1	
-1	-1	-1	-1	-1	-1	
-1	-1	-1	-1	-1	-1	
-1	-1	-1	-1	-1	-1	
-1	-1	-1	-1	-1	-1	
-1	-1	-1	-1	-1	-1	
-1	-1	-1	-1	-1	-1	
-1	-1	-1	-1	-1	-1	
-1	-1	-1	-1	-1	-1	
-1	-1	-1	-1	-1	-1	
-1	-1	-1	-1	-1	-1	
-1	-1	-1	-1	-1	-1	
-1	-1	-1	-1	-1	-1	
-1	-1	-1	-1	-1	-1	
-1	-1	-1	-1	-1	-1	
-1	-1	-1	-1	-1	-1	
-1	-1	-1	-1	-1	-1	
-1	-1	-1	-1	-1	-1	
-1	-1	-1	-1	-1	-1	
-1	-1	-1	-1	-1	-1	
-1	-1	-1	-1	-1	-1	
-1	-1	-1	-1	-1	-1	
-1	-1	-1	-1	-1	-1	
-1	-1	-1	-1	-1	-1	
1148	1857	1526	1982	878	1483	
-1	-1	-1	-1	-1	-1	
-1	-1	-1	-1	-1	-1	
-1	-1	-1	-1	-1	-1	
-1	-1	-1	-1	-1	-1	
-1	-1	-1	-1	-1	-1	
-1	-1	-1	-1	-1	-1	
-1	-1	-1	-1	-1	-1	
-1	-1	-1	-1	-1	-1	
-1	-1	-1	-1	-1	-1	
-1	-1	-1	-1	-1	-1	
-1	-1	-1	-1	-1	-1	
-1	-1	-1	-1	-1	-1	
-1	-1	-1	-1	-1	-1	
-1	-1	-1	-1	-1	-1	
-1	-1	-1	-1	-1	-1	
-1	-1	-1	-1	-1	-1	
-1	-1	-1	-1	-1	-1	
-1	-1	-1	-1	-1	-1	
-1	-1	-1	-1	-1	-1	
-1	-1	-1	-1	-1	-1	
-1	-1	-1	-1	-1	-1	
-1	-1	-1	-1	-1	-1	
-1	-1	-1	-1	-1	-1	
-1	-1	-1	-1	-1	-1	
1144	2086	1355	1811	760	1655	
-1	-1	-1	-1	-1	-1	
-1	-1	-1	-1	-1	-1	
-1	-1	-1	-1	-1	-1	
-1	-1	-1	-1	-1	-1	
-1	-1	-1	-1	-1	-1	
-1	-1	-1	-1	-1	-1	
-1	-1	-1	-1	-1	-1	
-1	-1	-1	-1	-1	-1	
-1	-1	-1	-1	-1	-1	
-1	-1	-1	-1	-1	-1	
-1	-1	-1	-1	-1	-1	
-1	-1	-1	-1	-1	-1	
-1	-1	-1	-1	-1	-1	
-1	-1	-1	-1	-1	-1	
-1	-1	-1	-1	-1	-1	
-1	-1	-1	-1	-1	-1	
-1	-1	-1	-1	-1	-1	
-1	-1	-1	-1	-1	-1	
-1	-1	-1	-1	-1	-1	
-1	-1	-1	-1	-1	-1	
-1	-1	-1	-1	-1	-1	
-1	-1	-1	-1	-1	-1	
-1	-1	-1	-1	-1	-1	
-1	-1	-1	-1	-1	-1	
1196	2315	1187	1695	700	1881	
-1	-1	-1	-1	-1	-1	
-1	-1	-1	-1	-1	-1	
-1	-1	-1	-1	-1	-1	
-1	-1	-1	-1	-1	-1	
-1	-1	-1	-1	-1	-1	
-1	-1	-1	-1	-1	-1	
-1	-1	-1	-1	-1	-1	
-1	-1	-1	-1	-1	-1	
-1	-1	-1	-1	-1	-1	
-1	-1	-1	-1	-1	-1	
-1	-1	-1	-1	-1	-1	
-1	-1	-1	-1	-1	-1	
-1	-1	-1	-1	-1	-1	
-1	-1	-1	-1	-1	-1	
-1	-1	-1	-1	-1	-1	
-1	-1	-1	-1	-1	-1	
-1	-1	-1	-1	-1	-1	
-1	-1	-1	-1	-1	-1	
-1	-1	-1	-1	-1	-1	
-1	-1	-1	-1	-1	-1	
-1	-1	-1	-1	-1	-1	
-1	-1	-1	-1	-1	-1	
-1	-1	-1	-1	-1	-1	
-1	-1	-1	-1	-1	-1	
1419	2265	1076	1524	639	1997	
-1	-1	-1	-1	-1	-1	
-1	-1	-1	-1	-1	-1	
-1	-1	-1	-1	-1	-1	
-1	-1	-1	-1	-1	-1	
