1,0,422.84,97.566,104.03,236.43,1,4.1864,1.9174,0
1,1,326.48,81.566,104.03,236.43,1,5.1055,3.3098,0
1,2,165.89,81.566,104.03,236.43,1,4.6892,4.5603,0
1,3,78.146,103.64,94.56,214.91,1,4.3981,5.2748,0
1,4,553.08,81.699,86.667,196.97,1,9.4085,3.6127,0
1,5,503.31,114.87,56.848,129.2,1,14.299,6.9695,0
2,0,422.84,97.566,104.03,236.43,1,4.1864,1.9174,0
2,1,326.48,81.566,104.03,236.43,1,5.1055,3.3098,0
2,2,165.89,81.566,104.03,236.43,1,4.6892,4.5603,0
2,3,63.096,103.64,94.56,214.91,1,4.3574,5.3969,0
2,4,559.4,87.743,79.991,181.8,1,10.541,4.161,0
2,5,503.31,114.87,56.848,129.2,1,14.299,6.9695,0
3,0,422.84,97.566,104.03,236.43,1,4.1864,1.9174,0
3,1,339.58,88.641,94.608,215.02,1,6.3226,3.9928,0
3,2,165.89,81.566,104.03,236.43,1,4.6892,4.5603,0
3,3,63.096,103.64,94.56,214.91,1,4.3574,5.3969,0
3,4,553.38,81.701,86.631,196.89,1,9.4185,3.615,0
3,5,507.35,120.9,51.982,118.14,1,15.25,7.4678,0
4,0,422.84,97.566,104.03,236.43,1,4.1864,1.9174,0
4,1,340.65,88.741,94.002,213.64,1,6.4397,4.0582,0
4,2,165.89,81.566,104.03,236.43,1,4.6892,4.5603,0
4,3,71.574,121.7,86.668,196.97,1,4.3593,5.3569,0
4,4,552.87,81.604,87.079,197.91,1,9.3105,3.5627,0
4,5,495.68,114.85,56.799,129.09,1,14.305,7.0751,0
5,0,422.84,97.566,104.03,236.43,1,4.1864,1.9174,0
5,1,342.95,81.581,103.93,236.21,1,5.1635,3.1948,0
5,2,165.89,81.566,104.03,236.43,1,4.6892,4.5603,0
5,3,72.06,121.69,86.68,197,1,4.3593,5.3519,0
5,4,552.35,81.505,87.533,198.94,1,9.2023,3.5102,0
5,5,494.48,114.94,57.093,129.76,1,14.167,7.0131,0
6,0,422.84,97.566,104.03,236.43,1,4.1864,1.9174,0
6,1,343.18,81.371,104.73,238.02,1,5.0414,3.1135,0
6,2,181.81,81.57,104.03,236.43,1,4.7312,4.4343,0
6,3,72.734,121.67,86.697,197.04,1,4.3594,5.3449,0
6,4,551.83,81.405,87.993,199.98,1,9.0938,3.4577,0
6,5,492.63,115.08,57.587,130.88,1,13.938,6.9084,0
7,0,422.84,97.566,104.03,236.43,1,4.1864,1.9174,0
7,1,343.11,81.068,105.91,240.7,1,4.8619,2.9976,0
7,2,184.17,81.501,104.06,236.5,1,4.737,4.4152,0
7,3,34.106,103.64,94.561,214.91,1,4.2784,5.6333,0
7,4,551.29,81.304,88.459,201.04,1,8.985,3.405,0
7,5,490.11,115.27,58.292,132.48,1,13.618,6.7609,0
8,0,422.84,97.566,104.03,236.43,1,4.1864,1.9174,0
8,1,355.03,103.64,94.579,214.95,1,5.1187,3.104,0
8,2,194.73,103.64,94.544,214.87,1,4.712,4.3462,0
8,3,32.497,103.68,94.534,214.85,1,4.2753,5.6476,0
8,4,539,81.696,86.681,197,1,9.3709,3.74,0
8,5,486.85,115.52,59.223,134.6,1,13.209,6.5708,0
9,0,422.84,97.566,104.03,236.43,1,4.1864,1.9174,0
9,1,358.41,81.573,104.03,236.44,1,5.1855,3.0663,0
9,2,196.82,103.58,94.618,215.04,1,4.7093,4.3236,0
9,3,30.567,103.74,94.501,214.78,1,4.2716,5.665,0
9,4,538.61,81.764,86.45,196.48,1,9.4234,3.7725,0
9,5,482.79,115.84,60.402,137.28,1,12.709,6.338,0
10,0,422.84,97.566,104.03,236.43,1,4.1864,1.9174,0
10,1,359.23,81.57,103.96,236.28,1,5.1999,3.068,0
10,2,198.83,103.52,94.693,215.21,1,4.7059,4.3014,0
10,3,18.785,103.65,94.555,214.9,1,4.237,5.7594,0
10,4,538.28,81.848,86.146,195.79,1,9.4937,3.8141,0
10,5,477.84,116.24,61.857,140.58,1,12.118,6.0625,0
10,6,191.98,134.7,86.668,196.97,1,3.7406,3.7266,0
11,0,422.84,97.566,104.03,236.43,1,4.1864,1.9174,0
11,1,358.61,81.565,104.03,236.44,1,5.1865,3.0651,0
11,2,200.77,103.46,94.769,215.39,1,4.702,4.2794,0
11,3,16.984,103.69,94.54,214.86,1,4.231,5.7734,0
11,4,538,81.948,85.772,194.94,1,9.5818,3.8648,0
11,5,471.86,116.71,63.624,144.6,1,11.438,5.7443,0
11,6,191.98,134.7,86.668,196.97,1,3.7406,3.7266,0
12,0,422.84,97.566,104.03,236.43,1,4.1864,1.9174,0
12,1,358.7,81.556,104.06,236.5,1,5.1831,3.0621,0
12,2,202.63,103.41,94.848,215.56,1,4.6974,4.2578,0
12,3,15.423,103.73,94.531,214.84,1,4.2252,5.7851,0
12,4,537.78,82.065,85.328,193.93,1,9.6878,3.9246,0
12,5,464.71,117.29,65.753,149.44,1,10.667,5.3833,0
12,6,191.98,134.7,86.668,196.97,1,3.7406,3.7266,0
13,0,422.84,97.566,104.03,236.43,1,4.1864,1.9174,0
13,1,358.8,81.543,104.1,236.6,1,5.1768,3.0572,0
13,2,204.41,103.36,94.928,215.75,1,4.6922,4.2364,0
13,3,14.101,103.77,94.526,214.83,1,4.2197,5.7945,0
13,4,537.61,82.197,84.817,192.77,1,9.8117,3.9936,0
13,5,456.16,117.98,68.307,155.24,1,9.8052,4.9797,0
14,0,422.84,97.566,104.03,236.43,1,4.1864,1.9174,0
14,1,358.9,81.524,104.17,236.74,1,5.1674,3.0502,0
14,2,206.12,103.31,95.011,215.93,1,4.6863,4.2154,0
14,3,13.018,103.79,94.527,214.83,1,4.2146,5.8016,0
14,4,537.49,82.343,84.242,191.46,1,9.9534,4.0716,0
14,5,445.94,118.8,71.371,162.21,1,8.8534,4.5334,0
14,7,152.25,74.743,79.991,181.8,1,11.377,9.7555,0
15,0,422.84,97.566,104.03,236.43,1,4.1864,1.9174,0
15,1,374.49,81.57,104.03,236.43,1,5.2266,2.9451,0
15,2,207.75,103.26,95.095,216.12,1,4.6798,4.1947,0
15,3,12.173,103.82,94.533,214.85,1,4.2097,5.8064,0
15,4,537.43,82.504,83.604,190.01,1,10.113,4.1588,0
15,5,433.67,119.79,75.058,170.59,1,7.8113,4.0444,0
15,7,170.93,96.892,51.968,118.11,1,20.515,16.427,0
16,0,438.87,97.566,104.03,236.43,1,4.2254,1.8074,0
16,1,376.94,81.505,104.04,236.46,1,5.2356,2.9282,0
16,2,209.3,103.21,95.18,216.32,1,4.6727,4.1743,0
16,3,11.566,103.83,94.544,214.87,1,4.205,5.8089,0
16,4,537.42,82.678,82.908,188.43,1,10.29,4.2551,0
16,5,418.85,120.99,79.522,180.73,1,6.6789,3.5127,0
16,7,170.93,96.892,51.968,118.11,1,20.515,16.427,0
17,0,440.46,97.525,104.05,236.48,1,4.229,1.7963,0
17,1,379.42,81.44,104.05,236.48,1,5.2452,2.9114,0
17,2,210.77,103.17,95.268,216.52,1,4.6649,4.1543,0
17,3,11.197,103.84,94.56,214.91,1,4.2007,5.8091,0
17,4,534.2,74.742,80.004,181.83,1,12.312,5.3613,0
17,5,400.75,122.46,84.98,193.14,1,5.4561,2.9382,0
17,7,170.93,96.892,51.968,118.11,1,20.515,16.427,0
18,0,442.06,97.483,104.07,236.53,1,4.2327,1.7852,0
18,1,381.93,81.375,104.06,236.5,1,5.2552,2.8946,0
18,2,212.17,103.12,95.358,216.72,1,4.6565,4.1345,0
18,3,11.067,103.84,94.582,214.96,1,4.1967,5.807,0
18,4,534.4,74.762,79.936,181.67,1,12.333,5.3704,0
18,5,428.62,103.63,94.524,214.83,1,5.3132,2.5575,0
18,7,170.93,96.892,51.968,118.11,1,20.515,16.426,0
19,0,443.67,97.441,104.09,236.57,1,4.2363,1.7739,0
19,1,384.47,81.31,104.07,236.52,1,5.2656,2.8779,0
19,2,213.49,103.08,95.449,216.93,1,4.6474,4.1151,0
19,3,11.175,103.83,94.608,215.02,1,4.1929,5.8026,0
19,4,534.62,74.772,79.889,181.57,1,12.348,5.3757,0
19,5,425.09,103.72,94.487,214.74,1,5.304,2.5837,0
19,7,170.93,96.892,51.968,118.11,1,20.515,16.426,0
20,0,445.29,97.398,104.11,236.62,1,4.24,1.7625,0
20,1,387.04,81.244,104.07,236.52,1,5.2765,2.8611,0
20,2,214.74,103.04,95.542,217.14,1,4.6377,4.096,0
20,3,11.522,103.82,94.64,215.09,1,4.1895,5.796,0
20,4,534.87,74.775,79.865,181.51,1,12.356,5.3774,0
20,5,421.14,103.83,94.321,214.37,1,5.3151,2.626,0
20,7,170.93,96.892,51.968,118.11,1,20.515,16.427,0
21,0,446.93,97.355,104.13,236.67,1,4.2437,1.7511,0
21,1,389.64,81.178,104.07,236.53,1,5.2879,2.8444,0
21,2,215.9,103.01,95.637,217.36,1,4.6274,4.0772,0
21,3,12.108,103.8,94.676,215.17,1,4.1863,5.787,0
21,4,535.15,74.769,79.863,181.51,1,12.359,5.3753,0
21,5,416.81,103.94,94.03,213.7,1,5.3466,2.6843,0
21,7,170.93,96.892,51.968,118.11,1,20.515,16.427,0
22,0,448.59,97.312,104.15,236.71,1,4.2475,1.7396,0
22,1,392.28,81.112,104.07,236.53,1,5.2998,2.8276,0
22,2,216.99,102.97,95.734,217.58,1,4.6165,4.0587,0
22,3,12.933,103.77,94.718,215.27,1,4.1834,5.7757,0
22,4,535.46,74.754,79.882,181.55,1,12.355,5.3695,0
22,5,412.1,104.07,93.614,212.76,1,5.3983,2.7586,0
22,7,170.93,96.892,51.968,118.11,1,20.515,16.427,0
23,0,450.26,97.268,104.18,236.76,1,4.2513,1.7279,0
23,1,394.94,81.046,104.07,236.52,1,5.3121,2.8109,0
23,2,218,102.94,95.833,217.8,1,4.6049,4.0405,0
23,4,535.8,74.73,79.923,181.64,1,12.345,5.3599,0
23,5,407.04,104.22,93.078,211.54,1,5.4703,2.8489,0
23,7,170.93,96.892,51.968,118.11,1,20.515,16.427,0
24,0,451.94,97.224,104.2,236.81,1,4.2551,1.7162,0
24,1,397.62,80.979,104.07,236.51,1,5.3248,2.7942,0
24,2,218.93,102.9,95.933,218.03,1,4.5926,4.0227,0
24,5,401.67,104.37,92.425,210.06,1,5.5626,2.9552,0
24,7,170.93,96.892,51.968,118.11,1,20.515,16.427,0
25,0,453.63,97.18,104.22,236.86,1,4.2589,1.7044,0
25,1,400.34,80.912,104.06,236.5,1,5.338,2.7775,0
25,2,219.79,102.87,96.036,218.26,1,4.5798,4.0051,0
25,5,395.99,104.53,91.66,208.32,1,5.6753,3.0775,0
25,7,170.93,96.892,51.968,118.11,1,20.515,16.427,0
26,0,455.34,97.135,104.24,236.91,1,4.2628,1.6924,0
26,1,403.09,80.845,104.05,236.48,1,5.3517,2.7609,0
26,2,220.56,102.84,96.14,218.5,1,4.5663,3.9879,0
26,5,390.05,104.7,90.79,206.34,1,5.8082,3.2158,0
26,7,170.93,96.892,51.968,118.11,1,20.515,16.427,0
27,0,457.07,97.09,104.26,236.96,1,4.2667,1.6804,0
27,1,405.86,80.778,104.04,236.45,1,5.3659,2.7442,0
27,2,221.26,102.82,96.247,218.74,1,4.5521,3.971,0
27,5,383.88,104.88,89.821,204.14,1,5.9614,3.3702,0
27,7,170.93,96.892,51.968,118.11,1,20.515,16.427,0
28,0,458.81,97.044,104.28,237.01,1,4.2706,1.6683,0
28,1,408.67,80.711,104.03,236.42,1,5.3805,2.7276,0
28,2,221.87,102.79,96.355,218.99,1,4.5374,3.9544,0
28,5,377.5,105.07,88.758,201.72,1,6.135,3.5405,0
28,7,170.93,96.892,51.968,118.11,1,20.515,16.427,0
29,0,460.56,96.998,104.31,237.06,1,4.2746,1.6561,0
29,1,411.5,80.643,104.01,236.39,1,5.3955,2.711,0
29,2,222.41,102.77,96.465,219.24,1,4.522,3.9381,0
29,7,170.93,96.892,51.968,118.11,1,20.515,16.427,0
30,0,462.33,96.952,104.33,237.11,1,4.2785,1.6438,0
30,1,414.36,80.576,103.99,236.35,1,5.411,2.6944,0
30,2,222.87,102.75,96.577,219.49,1,4.5059,3.9222,0
30,7,170.93,96.892,51.968,118.11,1,20.515,16.427,0
30,8,438.9,65.566,104.03,236.43,1,6.738,3.224,0
31,0,503.05,81.566,104.04,236.46,1,5.5436,1.9881,0
31,1,417.25,80.508,103.97,236.3,1,5.427,2.6778,0
31,2,223.25,102.73,96.692,219.75,1,4.4892,3.9065,0
31,7,170.93,96.892,51.968,118.11,1,20.515,16.427,0
31,8,399.22,103.64,94.56,214.91,1,5.2331,2.7731,0
32,0,507.67,81.568,103.5,235.22,1,5.6513,2.0077,0
32,1,420.17,80.44,103.95,236.26,1,5.4435,2.6613,0
32,2,223.55,102.71,96.808,220.02,1,4.4719,3.8912,0
32,7,170.93,96.892,51.968,118.11,1,20.515,16.427,0
32,8,399.11,103.64,94.575,214.94,1,5.23,2.7722,0
33,0,512.25,81.571,102.96,233.99,1,5.7595,2.0275,0
33,1,423.11,80.371,103.93,236.2,1,5.4604,2.6447,0
33,2,223.77,102.69,96.926,220.29,1,4.454,3.8762,0
33,7,170.93,96.892,51.968,118.11,1,20.515,16.427,0
33,8,399,103.65,94.59,214.98,1,5.2269,2.7712,0
34,0,519.4,81.569,103.99,236.35,1,5.5916,1.873,0
34,1,426.08,80.303,103.9,236.14,1,5.4777,2.6282,0
34,2,223.9,102.68,97.046,220.56,1,4.4354,3.8615,0
34,7,170.93,96.892,51.968,118.11,1,20.515,16.427,0
34,8,454.74,65.565,104.05,236.48,1,6.7736,3.0929,0
35,0,522.15,81.492,104.03,236.42,1,5.5984,1.8528,0
35,1,429.08,80.234,103.88,236.08,1,5.4955,2.6117,0
35,2,223.96,102.67,97.168,220.84,1,4.4162,3.8471,0
35,7,170.93,96.892,51.968,118.11,1,20.515,16.427,0
35,8,456.68,65.606,103.82,235.95,1,6.823,3.1032,0
36,0,524.9,81.414,104.07,236.51,1,5.6043,1.8321,0
36,1,432.1,80.166,103.85,236.01,1,5.5138,2.5952,0
36,2,223.94,102.66,97.293,221.12,1,4.3963,3.8331,0
36,7,170.93,96.892,51.968,118.11,1,20.515,16.427,0
36,8,414.4,103.61,94.444,214.64,1,5.2936,2.6732,0
37,0,527.67,81.335,104.11,236.61,1,5.6093,1.8109,0
37,1,435.15,80.097,103.81,235.94,1,5.5326,2.5787,0
37,2,223.83,102.65,97.419,221.41,1,4.3758,3.8193,0
37,7,170.93,96.892,51.968,118.11,1,20.515,16.427,0
37,8,411.63,103.67,94.872,215.62,1,5.2075,2.6457,0
38,0,530.44,81.255,104.16,236.73,1,5.6134,1.7891,0
38,1,438.23,80.028,103.78,235.87,1,5.5518,2.5622,0
38,2,223.65,102.64,97.547,221.7,1,4.3547,3.8059,0
38,7,170.93,96.892,51.968,118.11,1,20.515,16.427,0
38,8,407.87,103.75,95.422,216.87,1,5.0972,2.6122,0
39,0,533.22,81.173,104.22,236.86,1,5.6167,1.7668,0
39,1,441.34,79.958,103.75,235.78,1,5.5714,2.5458,0
39,2,223.38,102.64,97.678,222,1,4.3329,3.7928,0
39,7,170.93,96.892,51.968,118.11,1,20.515,16.427,0
40,0,536.01,81.089,104.28,237,1,5.6191,1.744,0
40,1,444.47,79.889,103.71,235.7,1,5.5916,2.5294,0
40,2,223.02,102.63,97.811,222.3,1,4.3105,3.78,0
40,7,170.93,96.892,51.968,118.11,1,20.515,16.427,0
41,0,538.81,81.004,104.35,237.15,1,5.6206,1.7206,0
41,1,447.62,79.82,103.67,235.61,1,5.6121,2.513,0
41,2,222.59,102.63,97.945,222.6,1,4.2874,3.7675,0
41,7,170.93,96.892,51.968,118.11,1,20.515,16.427,0
42,0,541.62,80.918,104.42,237.32,1,5.6212,1.6967,0
42,1,450.81,79.75,103.63,235.51,1,5.6332,2.4966,0
42,2,222.07,102.63,98.082,222.91,1,4.2638,3.7553,0
42,7,170.93,96.892,51.968,118.11,1,20.515,16.427,0
43,0,544.44,80.83,104.5,237.5,1,5.621,1.6723,0
43,1,454.01,79.68,103.58,235.41,1,5.6547,2.4802,0
43,2,221.47,102.64,98.221,223.23,1,4.2394,3.7434,0
43,7,170.93,96.892,51.968,118.11,1,20.515,16.427,0
44,0,547.28,80.74,104.58,237.69,1,5.6199,1.6474,0
44,1,457.4,88.641,94.562,214.91,1,6.6306,3.0375,0
44,2,220.78,102.64,98.362,223.55,1,4.2145,3.7319,0
44,7,170.93,96.892,51.968,118.11,1,20.515,16.427,0
44,9,428.32,74.641,94.56,214.91,1,7.9104,4.0463,0
45,0,550.12,80.649,104.67,237.9,1,5.6179,1.6219,0
45,1,458.21,88.648,94.407,214.56,1,6.6634,3.0489,0
45,2,220.01,102.65,98.506,223.88,1,4.1889,3.7207,0
45,7,170.93,96.892,51.968,118.11,1,20.515,16.427,0
45,9,428.32,74.641,94.56,214.91,1,7.9104,4.0463,0
46,0,552.98,80.557,104.77,238.11,1,5.615,1.5959,0
46,1,459,88.656,94.252,214.21,1,6.6962,3.0605,0
46,2,219.16,102.66,98.651,224.21,1,4.1627,3.7098,0
46,7,170.93,96.892,51.968,118.11,1,20.515,16.427,0
46,9,499.13,107.69,86.617,196.86,1,6.6351,2.691,0
47,0,559.8,103.64,94.559,214.91,1,5.6278,1.5918,0
47,1,471.54,88.643,94.535,214.85,1,6.671,2.927,0
47,2,218.22,102.67,98.799,224.54,1,4.1358,3.6992,0
47,7,170.93,96.892,51.968,118.11,1,20.515,16.427,0
47,9,505.66,107.55,87.374,198.58,1,6.5121,2.5612,0
48,0,560.86,103.61,94.59,214.98,1,5.6269,1.5822,0
48,1,475.9,88.525,94.586,214.97,1,6.6821,2.892,0
48,2,217.19,102.68,98.949,224.88,1,4.1083,3.6889,0
48,7,170.93,96.892,51.968,118.11,1,20.515,16.427,0
48,9,512.32,107.41,88.147,200.33,1,6.3888,2.4311,0
48,10,338.42,107.7,86.667,196.97,1,6.2184,3.9826,0
49,0,561.9,103.59,94.619,215.04,1,5.6263,1.573,0
49,1,480.29,88.405,94.64,215.09,1,6.6929,2.8565,0
49,2,216.08,102.7,99.101,225.23,1,4.0802,3.6789,0
49,7,170.93,96.892,51.968,118.11,1,20.515,16.427,0
49,9,519.11,107.27,88.936,202.13,1,6.2652,2.3007,0
49,10,338.42,107.7,86.667,196.97,1,6.2184,3.9826,0
50,0,562.92,103.56,94.647,215.11,1,5.6259,1.5641,0
50,1,484.71,88.284,94.695,215.22,1,6.7036,2.8207,0
50,2,365.48,94.699,86.669,196.98,1,7.5212,4.5112,0
50,7,170.93,96.892,51.968,118.11,1,20.515,16.427,0
50,9,500.75,103.64,94.574,214.94,1,5.4821,2.0197,0
50,10,338.42,107.7,86.667,196.97,1,6.2184,3.9826,0
51,0,563.91,103.54,94.672,215.16,1,5.6258,1.5556,0
51,1,489.16,88.162,94.752,215.35,1,6.7139,2.7846,0
51,2,378.49,94.7,86.664,196.96,1,7.5556,4.3968,0
51,7,170.93,96.892,51.968,118.11,1,20.515,16.427,0
51,9,497,103.73,94.375,214.49,1,5.5005,2.0629,0
51,10,530.66,88.641,94.56,214.91,1,6.8121,2.4542,0
52,0,564.88,103.51,94.695,215.22,1,5.6259,1.5474,0
52,1,493.64,88.039,94.811,215.48,1,6.7241,2.7481,0
52,2,379.7,94.668,86.675,196.99,1,7.5593,4.3864,0
52,7,170.93,96.892,51.968,118.11,1,20.515,16.427,0
52,9,491.91,103.86,94.033,213.71,1,5.5381,2.1289,0
52,10,559.66,88.643,94.56,214.91,1,6.8827,2.226,0
53,0,565.82,103.49,94.717,215.27,1,5.6262,1.5395,0
53,1,498.15,87.915,94.872,215.62,1,6.734,2.7112,0
53,2,380.93,94.635,86.689,197.02,1,7.5626,4.3755,0
53,7,170.93,96.892,51.968,118.11,1,20.515,16.427,0
53,9,485.53,104.03,93.553,212.62,1,5.5949,2.2176,0
53,10,562.43,88.569,94.593,214.98,1,6.8895,2.2041,0
54,0,566.73,103.47,94.736,215.31,1,5.6268,1.532,0
54,1,502.68,87.79,94.935,215.76,1,6.7437,2.674,0
54,2,382.19,94.601,86.706,197.06,1,7.5654,4.3641,0
54,7,170.93,96.892,51.968,118.11,1,20.515,16.427,0
54,9,477.89,104.22,92.939,211.22,1,5.6708,2.329,0
54,10,565.22,88.493,94.626,215.06,1,6.8963,2.1821,0
55,0,567.62,103.44,94.753,215.35,1,5.6276,1.5249,0
55,1,507.25,87.664,95,215.91,1,6.7531,2.6364,0
55,2,383.47,94.566,86.726,197.11,1,7.5677,4.3521,0
55,7,170.93,96.892,51.968,118.11,1,20.515,16.427,0
55,9,469.07,104.45,92.196,209.54,1,5.7658,2.4632,0
55,10,568.03,88.418,94.659,215.14,1,6.9032,2.16,0
56,1,511.85,87.536,95.067,216.06,1,6.7623,2.5985,0
56,2,384.77,94.53,86.749,197.16,1,7.5695,4.3396,0
56,7,170.93,96.892,51.968,118.11,1,20.515,16.427,0
56,9,459.11,104.71,91.33,207.57,1,5.88,2.6201,0
56,10,570.85,88.342,94.693,215.21,1,6.9101,2.1378,0
57,1,516.48,87.408,95.136,216.22,1,6.7713,2.5602,0
57,2,386.09,94.493,86.775,197.21,1,7.5707,4.3266,0
57,7,170.93,96.892,51.968,118.11,1,20.515,16.427,0
57,9,448.11,104.99,90.348,205.34,1,6.0134,2.7998,0
58,1,521.14,87.278,95.207,216.38,1,6.78,2.5215,0
58,2,387.44,94.455,86.803,197.28,1,7.5715,4.3129,0
58,7,170.93,96.892,51.968,118.11,1,20.515,16.427,0
58,9,436.14,105.3,89.259,202.86,1,6.1659,3.0021,0
59,1,525.84,87.147,95.28,216.54,1,6.7885,2.4825,0
59,2,388.81,94.416,86.835,197.35,1,7.5717,4.2988,0
59,7,170.93,96.892,51.968,118.11,1,20.515,16.427,0
59,9,423.29,105.63,88.071,200.16,1,6.3375,3.2273,0
60,1,530.56,87.015,95.355,216.72,1,6.7968,2.4431,0
60,2,390.2,94.376,86.869,197.43,1,7.5715,4.2841,0
60,7,170.93,96.892,51.968,118.11,1,20.515,16.427,0
60,9,418.6,107.7,86.678,197,1,6.4204,3.327,0
61,1,535.32,86.882,95.431,216.89,1,6.8048,2.4033,0
61,2,391.61,94.335,86.906,197.51,1,7.5708,4.2688,0
61,7,170.93,96.892,51.968,118.11,1,20.515,16.427,0
61,9,420.77,107.65,86.773,197.21,1,6.4115,3.3007,0
62,1,540.11,86.748,95.51,217.07,1,6.8126,2.3632,0
62,2,393.05,94.293,86.946,197.6,1,7.5695,4.2531,0
62,7,170.93,96.892,51.968,118.11,1,20.515,16.427,0
62,9,423.61,107.58,86.915,197.53,1,6.3966,3.2643,0
63,1,544.94,86.612,95.591,217.25,1,6.8202,2.3228,0
63,2,394.51,94.25,86.989,197.7,1,7.5677,4.2367,0
63,7,170.93,96.892,51.968,118.11,1,20.515,16.427,0
63,9,427.12,107.49,87.103,197.96,1,6.3755,3.2179,0
64,1,549.79,86.476,95.674,217.44,1,6.8275,2.2819,0
64,2,396,94.205,87.035,197.81,1,7.5655,4.2198,0
64,7,170.93,96.892,51.968,118.11,1,20.515,16.427,0
64,9,431.31,107.39,87.338,198.5,1,6.3483,3.1615,0
64,11,386.91,87.743,79.991,181.8,1,10.119,5.8833,0
65,1,554.69,86.338,95.759,217.63,1,6.8346,2.2408,0
65,2,397.51,94.16,87.084,197.92,1,7.5627,4.2024,0
65,7,170.93,96.892,51.968,118.11,1,20.515,16.427,0
65,9,436.2,107.27,87.621,199.14,1,6.3151,3.095,0
65,11,378.55,81.699,86.667,196.97,1,8.9751,5.2501,0
66,1,525.98,94.699,86.672,196.98,1,7.9241,3.119,0
66,2,399.04,94.114,87.136,198.04,1,7.5594,4.1845,0
66,7,170.93,96.892,51.968,118.11,1,20.515,16.427,0
66,9,441.81,107.14,87.953,199.89,1,6.2757,3.0185,0
66,11,378.55,81.699,86.667,196.97,1,8.9751,5.2501,0
67,1,527.45,94.697,86.324,196.19,1,8.0081,3.1503,0
67,2,400.6,94.067,87.191,198.16,1,7.5556,4.1659,0
67,7,170.93,96.892,51.968,118.11,1,20.515,16.427,0
67,9,448.13,106.98,88.335,200.76,1,6.2303,2.9319,0
67,11,378.55,81.699,86.667,196.97,1,8.9751,5.2501,0
68,1,528.9,94.697,85.976,195.4,1,8.0924,3.1821,0
68,2,402.18,94.018,87.249,198.29,1,7.5514,4.1469,0
68,7,170.93,96.892,51.968,118.11,1,20.515,16.427,0
68,9,455.21,106.81,88.768,201.75,1,6.1787,2.8353,0
68,11,378.55,81.699,86.667,196.97,1,8.9751,5.2501,0
69,1,530.31,94.697,85.629,194.61,1,8.1772,3.2142,0
69,2,403.79,93.969,87.31,198.43,1,7.5466,4.1273,0
69,7,170.93,96.892,51.968,118.11,1,20.515,16.427,0
69,9,463.06,106.62,89.254,202.85,1,6.1211,2.7286,0
69,11,378.55,81.699,86.667,196.97,1,8.9751,5.2501,0
70,1,531.69,94.698,85.283,193.82,1,8.2624,3.2468,0
70,2,405.42,93.919,87.373,198.58,1,7.5413,4.1071,0
70,7,170.93,96.892,51.968,118.11,1,20.515,16.427,0
70,9,471.7,106.41,89.795,204.08,1,6.0573,2.6119,0
70,11,378.55,81.699,86.667,196.97,1,8.9751,5.2501,0
71,1,533.04,94.7,84.936,193.04,1,8.348,3.2799,0
71,2,407.08,93.867,87.44,198.73,1,7.5355,4.0864,0
71,7,170.93,96.892,51.968,118.11,1,20.515,16.427,0
71,9,481.17,106.18,90.392,205.44,1,5.9875,2.4852,0
71,11,378.55,81.699,86.667,196.97,1,8.9751,5.2501,0
72,1,553.17,94.698,86.646,196.92,1,7.9967,2.8921,0
72,2,408.76,93.815,87.51,198.89,1,7.5292,4.0652,0
72,7,170.93,96.892,51.968,118.11,1,20.515,16.427,0
72,9,491.49,105.93,91.047,206.92,1,5.9115,2.3484,0
72,11,378.55,81.699,86.667,196.97,1,8.9751,5.2501,0
73,1,557.98,94.567,86.749,197.16,1,7.9982,2.8459,0
73,2,410.47,93.761,87.583,199.05,1,7.5224,4.0434,0
73,7,170.93,96.892,51.968,118.11,1,20.515,16.427,0
73,9,502.71,105.66,91.763,208.55,1,5.8295,2.2016,0
73,11,378.55,81.699,86.667,196.97,1,8.9751,5.2501,0
74,1,562.82,94.435,86.854,197.4,1,7.9992,2.7991,0
74,2,412.21,93.706,87.659,199.22,1,7.5151,4.0211,0
74,7,170.93,96.892,51.968,118.11,1,20.515,16.427,0
74,9,514.87,105.37,92.542,210.32,1,5.7413,2.0447,0
74,11,361.8,87.742,79.998,181.81,1,10.054,6.1404,0
75,1,567.7,94.302,86.964,197.64,1,7.9996,2.7518,0
75,2,413.97,93.65,87.738,199.4,1,7.5072,3.9982,0
75,7,170.93,96.892,51.968,118.11,1,20.515,16.427,0
75,11,360.96,87.808,79.823,181.41,1,10.095,6.177,0
76,1,572.62,94.168,87.076,197.9,1,7.9994,2.704,0
76,2,415.75,93.593,87.82,199.59,1,7.4989,3.9748,0
76,7,170.93,96.892,51.968,118.11,1,20.515,16.427,0
76,11,360.09,87.875,79.642,181,1,10.138,6.2148,0
76,12,462.4,103.78,74.268,168.79,1,9.9103,4.9323,0
76,13,539.04,81.699,86.667,196.97,1,9.3744,3.7414,0
77,1,577.57,94.032,87.192,198.16,1,7.9987,2.6556,0
77,2,417.57,93.535,87.905,199.78,1,7.4901,3.9509,0
77,7,170.93,96.892,51.968,118.11,1,20.515,16.427,0
77,11,359.2,87.944,79.456,180.58,1,10.182,6.2538,0
77,12,462.4,103.78,74.268,168.79,1,9.9103,4.9323,0
77,13,539.04,81.699,86.667,196.97,1,9.3744,3.7414,0
78,1,582.56,93.895,87.312,198.44,1,7.9973,2.6067,0
78,2,419.41,93.476,87.994,199.99,1,7.4808,3.9264,0
78,7,170.93,96.892,51.968,118.11,1,20.515,16.427,0
78,11,359.02,92.779,74.278,168.81,1,11.136,6.8779,0
78,12,462.4,103.78,74.268,168.79,1,9.9103,4.9323,0
78,13,526,81.699,86.667,196.97,1,9.3426,3.8615,0
79,1,587.59,93.756,87.435,198.72,1,7.9954,2.5573,0
79,7,170.93,96.892,51.968,118.11,1,20.515,16.427,0
79,11,358.98,92.8,74.182,168.6,1,11.164,6.8965,0
79,12,462.4,103.78,74.268,168.79,1,9.9103,4.9323,0
79,13,526,81.699,86.667,196.97,1,9.3426,3.8615,0
80,1,592.66,93.617,87.562,199.01,1,7.9928,2.5073,0
80,7,170.93,96.892,51.968,118.11,1,20.515,16.427,0
80,11,347.25,92.778,74.255,168.76,1,11.114,7.0125,0
80,12,462.4,103.78,74.268,168.79,1,9.9103,4.9323,0
80,13,526,81.699,86.667,196.97,1,9.3426,3.8615,0
80,14,370.16,103.78,74.268,168.79,1,9.6792,5.8503,0
81,1,597.77,93.476,87.693,199.3,1,7.9897,2.4568,0
81,7,170.93,96.892,51.968,118.11,1,20.515,16.427,0
81,11,346.73,92.79,74.26,168.77,1,11.11,7.0161,0
81,12,462.4,103.78,74.268,168.79,1,9.9103,4.9323,0
81,13,526,81.699,86.667,196.97,1,9.3426,3.8615,0
81,14,553.64,103.78,74.268,168.79,1,10.133,4.0488,0
82,1,602.92,93.333,87.827,199.61,1,7.9861,2.4057,0
82,7,170.93,96.892,51.968,118.11,1,20.515,16.427,0
82,11,346.12,92.8,74.283,168.82,1,11.099,7.017,0
82,12,462.4,103.78,74.268,168.79,1,9.9103,4.9323,0
82,13,526,81.699,86.667,196.97,1,9.3426,3.8615,0
82,14,547.65,99.738,79.958,181.72,1,9.0649,3.5305,0
83,7,170.93,96.892,51.968,118.11,1,20.515,16.427,0
83,11,345.41,92.81,74.323,168.92,1,11.083,7.0154,0
83,12,462.4,103.78,74.268,168.79,1,9.9103,4.9323,0
83,13,526,81.699,86.667,196.97,1,9.3426,3.8615,0
83,14,547.12,99.735,80.357,182.63,1,8.9621,3.4809,0
84,7,170.93,96.892,51.968,118.11,1,20.515,16.427,0
84,11,344.61,92.818,74.382,169.05,1,11.06,7.0112,0
84,12,462.4,103.78,74.268,168.79,1,9.9103,4.9323,0
84,13,526,81.699,86.667,196.97,1,9.3426,3.8615,0
84,14,534.29,99.743,80.017,181.86,1,9.0167,3.6427,0
85,7,170.93,96.892,51.968,118.11,1,20.515,16.427,0
85,11,343.7,92.825,74.459,169.22,1,11.032,7.0044,0
85,12,462.4,103.78,74.268,168.79,1,9.9103,4.9323,0
85,13,526,81.699,86.667,196.97,1,9.3426,3.8615,0
85,14,533.49,99.771,79.853,181.49,1,9.0535,3.6711,0
86,7,170.93,96.892,51.968,118.11,1,20.515,16.427,0
86,11,342.69,92.83,74.554,169.44,1,10.998,6.995,0
86,12,462.4,103.78,74.268,168.79,1,9.9103,4.9323,0
86,13,526,81.699,86.667,196.97,1,9.3426,3.8615,0
86,14,532.67,99.805,79.558,180.81,1,9.1237,3.7179,0
87,7,170.93,96.892,51.968,118.11,1,20.515,16.427,0
87,11,341.59,92.835,74.667,169.7,1,10.958,6.983,0
87,12,462.4,103.78,74.268,168.79,1,9.9103,4.9323,0
87,13,526,81.699,86.667,196.97,1,9.3426,3.8615,0
87,14,531.85,99.845,79.135,179.85,1,9.2274,3.783,0
88,7,170.93,96.892,51.968,118.11,1,20.515,16.427,0
88,11,340.38,92.838,74.798,170,1,10.912,6.9684,0
88,12,496.4,103.78,74.267,168.79,1,9.9939,4.6002,0
88,13,526,81.699,86.667,196.97,1,9.3426,3.8615,0
88,14,531.03,99.891,78.586,178.6,1,9.3646,3.8665,0
89,7,170.93,96.892,51.968,118.11,1,20.515,16.427,0
89,11,339.06,92.84,74.948,170.34,1,10.86,6.9512,0
89,12,500.97,103.67,74.322,168.91,1,10.004,4.555,0
89,13,526,81.699,86.667,196.97,1,9.3426,3.8615,0
89,14,530.22,99.942,77.918,177.09,1,9.5353,3.9683,0
90,7,170.93,96.892,51.968,118.11,1,20.515,16.427,0
90,11,337.64,92.841,75.117,170.72,1,10.802,6.9314,0
90,12,505.59,103.55,74.378,169.04,1,10.014,4.5093,0
90,13,526,81.699,86.667,196.97,1,9.3426,3.8615,0
90,14,529.41,99.998,77.137,175.31,1,9.7394,4.0884,0
91,7,170.93,96.892,51.968,118.11,1,20.515,16.427,0
91,11,336.12,92.84,75.306,171.15,1,10.738,6.909,0
91,12,510.26,103.43,74.434,169.17,1,10.024,4.4631,0
91,13,526,81.699,86.667,196.97,1,9.3426,3.8615,0
91,14,528.61,100.06,76.249,173.29,1,9.977,4.2269,0
92,7,170.93,96.892,51.968,118.11,1,20.515,16.427,0
92,11,334.48,92.839,75.513,171.62,1,10.668,6.8841,0
92,12,514.99,103.31,74.491,169.3,1,10.035,4.4164,0
92,13,534.35,99.743,79.987,181.79,1,9.0244,3.6463,0
92,14,527.83,100.12,75.264,171.05,1,10.248,4.3838,0
93,7,170.93,96.892,51.968,118.11,1,20.515,16.427,0
93,11,332.74,92.835,75.74,172.14,1,10.592,6.8565,0
93,12,519.55,103.78,74.269,168.79,1,10.05,4.376,0
93,13,534.87,99.723,80.12,182.09,1,8.994,3.6243,0
93,14,527.07,100.19,74.188,168.61,1,10.553,4.5589,0
94,7,170.93,96.892,51.968,118.11,1,20.515,16.427,0
94,11,330.88,92.831,75.988,172.7,1,10.511,6.8264,0
94,12,523.87,103.67,74.316,168.9,1,10.061,4.3342,0
94,13,535.4,99.704,80.254,182.39,1,8.9633,3.6022,0
94,14,526.33,100.26,73.031,165.98,1,10.891,4.7525,0
95,7,170.93,96.892,51.968,118.11,1,20.515,16.427,0
95,11,328.9,92.825,76.256,173.31,1,10.423,6.7936,0
95,12,528.18,103.56,74.363,169.01,1,10.072,4.2926,0
95,13,535.94,99.684,80.389,182.7,1,8.9324,3.5798,0
95,14,525.61,100.34,71.802,163.19,1,11.262,4.9644,0
96,7,170.93,96.892,51.968,118.11,1,20.515,16.427,0
96,11,326.81,92.818,76.544,173.96,1,10.33,6.7583,0
96,12,532.47,103.45,74.409,169.11,1,10.082,4.2512,0
96,13,536.48,99.664,80.526,183.01,1,8.9013,3.5573,0
96,14,524.92,100.42,70.51,160.25,1,11.667,5.1946,0
96,15,381.07,105.87,56.848,129.2,1,15.799,9.5638,0
97,7,170.93,96.892,51.968,118.11,1,20.515,16.427,0
97,11,324.59,92.81,76.854,174.67,1,10.231,6.7204,0
97,12,536.76,103.35,74.456,169.22,1,10.093,4.2099,0
97,13,537.04,99.644,80.664,183.33,1,8.87,3.5345,0
97,14,510.17,87.744,80,181.82,1,10.42,4.6419,0
97,15,371.48,105.81,68.018,154.59,1,11.332,6.8855,0
98,7,170.93,96.892,51.968,118.11,1,20.515,16.427,0
98,11,322.25,92.8,77.186,175.42,1,10.125,6.6798,0
98,12,541.03,103.24,74.502,169.32,1,10.104,4.1689,0
98,13,537.6,99.623,80.804,183.65,1,8.8384,3.5116,0
98,14,511.45,87.682,80.143,182.14,1,10.389,4.6101,0
98,15,371.45,105.81,68.045,154.65,1,11.323,6.88,0
99,7,175.37,96.845,62.19,141.34,1,14.703,11.991,0
99,11,319.78,92.789,77.54,176.23,1,10.014,6.6367,0
99,12,545.29,103.13,74.549,169.43,1,10.114,4.128,0
99,13,538.16,99.602,80.946,183.97,1,8.8065,3.4885,0
99,14,512.96,87.604,80.339,182.59,1,10.345,4.5688,0
99,15,376.55,106.85,62.21,141.39,1,13.279,8.0497,0
100,7,175.59,96.714,62.687,142.47,1,14.5,11.836,0
100,11,317.18,92.776,77.917,177.08,1,9.8973,6.591,0
100,13,538.74,99.581,81.089,184.29,1,8.7745,3.4653,0
100,14,514.71,87.509,80.589,183.16,1,10.289,4.518,0
100,15,376.77,106.85,61.976,140.86,1,13.372,8.1054,0
101,7,171.77,84.813,68.037,154.63,1,14.446,11.81,0
101,11,314.45,92.762,78.317,177.99,1,9.7743,6.5427,0
101,13,539.32,99.56,81.234,184.62,1,8.7421,3.4418,0
101,14,516.69,87.397,80.893,183.85,1,10.22,4.4577,0
101,15,376.99,106.84,61.744,140.33,1,13.466,8.1613,0
102,7,171.29,84.706,68.328,155.29,1,14.335,11.734,0
102,11,311.57,92.747,78.742,178.96,1,9.6454,6.4918,0
102,13,539.91,99.539,81.38,184.96,1,8.7096,3.4181,0
102,14,518.92,87.268,81.253,184.66,1,10.138,4.3878,0
102,15,377.21,106.84,61.512,139.8,1,13.56,8.2173,0
103,7,170.8,84.6,68.62,155.95,1,14.223,11.658,0
103,11,301.99,92.779,74.268,168.79,1,10.996,7.5129,0
103,13,540.51,99.517,81.528,185.29,1,8.6768,3.3943,0
103,14,521.41,87.12,81.669,185.61,1,10.044,4.3085,0
103,15,377.43,106.84,61.281,139.27,1,13.654,8.2735,0
104,7,170.31,84.493,68.912,156.62,1,14.113,11.582,0
104,11,302.54,92.783,74.185,168.6,1,11.024,7.5247,0
104,13,541.12,99.495,81.678,185.63,1,8.6438,3.3703,0
104,14,524.16,86.954,82.145,186.69,1,9.9375,4.2196,0
104,15,377.65,106.83,61.051,138.75,1,13.749,8.3299,0
104,16,483.51,144.89,51.968,118.11,1,11.209,5.5546,0
105,7,169.81,84.385,69.206,157.29,1,14.002,11.507,0
105,11,303.16,92.788,74.092,168.39,1,11.056,7.5377,0
105,13,541.73,99.472,81.83,185.98,1,8.6105,3.3461,0
105,14,527.18,86.769,82.681,187.91,1,9.8182,4.1212,0
105,15,377.86,106.83,60.822,138.23,1,13.843,8.3865,0
105,16,476.73,115.81,68.018,154.59,1,10.214,4.9788,0
106,7,169.3,84.278,69.501,157.96,1,13.893,11.432,0
106,11,303.87,92.793,73.989,168.16,1,11.091,7.552,0
106,13,542.35,99.449,81.983,186.32,1,8.577,3.3217,0
106,14,530.49,86.563,83.28,189.27,1,9.6862,4.0132,0
106,15,497.86,105.81,67.996,154.54,1,11.646,5.5196,0
106,16,476.73,115.81,68.018,154.59,1,10.214,4.9788,0
106,17,459.66,155.91,47.86,108.77,1,10.911,5.6957,0
107,7,168.79,84.17,69.797,158.63,1,13.783,11.358,0
107,11,304.65,92.798,73.878,167.9,1,11.129,7.5675,0
107,13,542.98,99.426,82.137,186.68,1,8.5433,3.2971,0
107,14,534.09,86.337,83.945,190.78,1,9.5416,3.8958,0
107,15,501.21,105.73,68.306,155.24,1,11.563,5.4329,0
107,16,476.73,115.81,68.018,154.59,1,10.214,4.9788,0
107,17,460.86,162.92,43.821,99.592,1,11.213,5.8798,0
108,7,168.27,84.061,70.094,159.3,1,13.674,11.284,0
108,11,298.23,105.82,68.023,154.6,1,11.147,7.7042,0
108,13,543.62,99.403,82.294,187.03,1,8.5093,3.2723,0
108,14,538.01,86.089,84.679,192.45,1,9.3844,3.7688,0
108,15,504.83,105.65,68.662,156.05,1,11.468,5.3362,0
108,16,476.73,115.81,68.018,154.59,1,10.214,4.9788,0
108,17,460.86,162.92,43.819,99.589,1,11.213,5.8802,0
109,7,167.74,83.953,70.392,159.98,1,13.566,11.211,0
109,11,298.29,105.81,68.016,154.58,1,11.15,7.7053,0
109,14,542.25,85.818,85.484,194.28,1,9.2147,3.6323,0
109,15,508.73,105.56,69.065,156.97,1,11.359,5.2294,0
109,16,466.93,115.81,68.021,154.59,1,10.19,5.0762,0
109,17,460.86,162.92,43.818,99.586,1,11.214,5.8806,0
110,7,167.21,83.844,70.691,160.66,1,13.458,11.138,0
110,11,298.3,105.81,68.014,154.58,1,11.15,7.7057,0
110,14,546.84,85.522,86.365,196.28,1,9.0323,3.4863,0
110,15,512.92,105.47,69.518,158,1,11.238,5.1127,0
110,16,465.33,115.85,68.002,154.55,1,10.186,5.0926,0
110,17,380.9,114.88,56.864,129.24,1,14.018,8.4811,0
111,7,166.67,83.735,70.992,161.34,1,13.351,11.065,0
111,11,298.34,105.81,68.014,154.58,1,11.151,7.7055,0
111,14,551.8,85.201,87.326,198.47,1,8.8373,3.3308,0
111,15,517.42,105.36,70.023,159.14,1,11.104,4.9859,0
111,16,463.59,115.89,67.982,154.5,1,10.183,5.1105,0
111,17,379.02,114.9,56.632,128.71,1,14.108,8.5642,0
112,7,172.04,94.814,68.014,154.58,1,12.589,10.453,0
112,11,298.4,105.81,68.015,154.58,1,11.151,7.7046,0
112,14,557.16,84.853,88.372,200.85,1,8.6297,3.1657,0
112,15,501.03,115.85,62.201,141.37,1,12.113,5.7737,0
112,16,461.71,115.93,67.96,154.45,1,10.179,5.1298,0
112,17,377.15,114.91,56.4,128.18,1,14.198,8.6477,0
113,7,172.05,94.683,68.514,155.71,1,12.417,10.323,0
113,11,298.49,105.81,68.018,154.59,1,11.15,7.703,0
113,14,562.92,84.476,89.508,203.43,1,8.4095,2.9911,0
113,15,499.52,115.86,62.056,141.04,1,12.159,5.8176,0
113,16,459.7,115.98,67.936,154.4,1,10.175,5.1505,0
113,17,375.28,114.93,56.17,127.66,1,14.289,8.7316,0
114,7,172.07,94.55,69.023,156.87,1,12.244,10.193,0
114,11,298.62,105.81,68.024,154.6,1,11.149,7.7007,0
114,14,569.14,84.069,90.74,206.23,1,8.1767,2.807,0
114,15,501.06,115.84,62.185,141.33,1,12.12,5.7768,0
114,16,457.55,116.03,67.911,154.34,1,10.17,5.1726,0
114,17,373.42,114.94,55.94,127.14,1,14.38,8.8157,0
115,7,175.59,80.779,74.272,168.8,1,12.574,10.338,0
115,11,298.77,105.8,68.031,154.62,1,11.148,7.6978,0
115,14,575.83,83.628,92.075,209.26,1,7.9313,2.6134,0
115,15,501.08,115.84,62.19,141.34,1,12.118,5.7757,0
115,16,455.27,116.08,67.884,154.28,1,10.166,5.1962,0
115,17,376.96,106.84,62.169,141.29,1,13.298,8.0558,0
116,7,175.65,80.778,74.27,168.8,1,12.576,10.338,0
116,11,298.95,105.8,68.04,154.64,1,11.146,7.6942,0
116,14,583.04,83.151,93.52,212.54,1,7.6733,2.4103,0
116,15,501.09,115.85,62.198,141.36,1,12.115,5.7739,0
116,16,452.84,116.14,67.856,154.22,1,10.161,5.2212,0
116,17,378.09,106.81,62.336,141.67,1,13.24,8.0041,0
117,7,175.67,80.778,74.268,168.79,1,12.576,10.338,0
117,11,299.17,105.79,68.05,154.66,1,11.144,7.69,0
117,14,590.8,82.637,95.084,216.1,1,7.4027,2.1976,0
117,15,491.11,115.84,62.191,141.34,1,12.094,5.8841,0
117,16,450.29,116.2,67.826,154.15,1,10.155,5.2476,0
117,17,379.45,106.77,62.541,142.14,1,13.169,7.941,0
118,7,175.64,80.781,74.263,168.78,1,12.578,10.34,0
118,11,299.41,105.78,68.063,154.69,1,11.141,7.6851,0
118,14,599.17,82.081,96.777,219.95,1,7.1195,1.9755,0
118,15,490.47,115.86,62.182,141.32,1,12.094,5.8917,0
118,16,447.59,116.26,67.794,154.08,1,10.15,5.2754,0
118,17,381.07,106.73,62.785,142.69,1,13.086,7.8666,0
119,7,175.56,80.786,74.257,168.77,1,12.579,10.342,0
119,11,299.68,105.78,68.077,154.72,1,11.138,7.6795,0
119,14,608.19,81.479,98.61,224.11,1,6.8236,1.7438,0
119,15,489.66,115.88,62.169,141.29,1,12.094,5.9016,0
119,16,444.77,116.33,67.761,154,1,10.144,5.3046,0
119,17,382.93,106.68,63.07,143.34,1,12.989,7.7807,0
120,7,175.43,80.792,74.249,168.75,1,12.581,10.345,0
120,11,299.98,105.77,68.094,154.76,1,11.135,7.6733,0
120,14,617.93,80.829,100.6,228.63,1,6.5152,1.5025,0
120,15,488.68,115.9,62.152,141.26,1,12.094,5.9138,0
120,16,441.8,116.4,67.727,153.92,1,10.138,5.3353,0
120,17,385.06,106.63,63.395,144.08,1,12.88,7.6835,0
121,7,175.26,80.801,74.239,168.72,1,12.583,10.349,0
121,11,300.31,105.76,68.112,154.8,1,11.131,7.6663,0
121,14,628.46,80.124,102.75,233.52,1,6.1942,1.2518,0
121,15,487.53,115.92,62.132,141.21,1,12.094,5.9283,0
121,16,438.71,116.47,67.69,153.84,1,10.131,5.3673,0
121,17,387.46,106.56,63.763,144.92,1,12.757,7.5749,0
122,7,182.01,94.814,68.019,154.59,1,12.612,10.322,0
122,11,300.67,105.75,68.132,154.84,1,11.127,7.6588,0
122,14,639.85,79.361,105.08,238.83,1,5.8605,0.99155,0
122,15,486.22,115.95,62.108,141.15,1,12.095,5.945,0
122,16,435.48,116.54,67.652,153.76,1,10.125,5.4008,0
122,17,390.13,106.49,64.175,145.85,1,12.622,7.4549,0
123,7,175.71,80.78,74.265,168.78,1,12.577,10.338,0
123,11,301.06,105.74,68.154,154.89,1,11.122,7.6505,0
123,15,484.74,115.98,62.08,141.09,1,12.096,5.964,0
123,16,432.11,116.62,67.613,153.67,1,10.118,5.4358,0
123,17,393.09,106.41,64.632,146.89,1,12.474,7.3236,0
124,7,175.47,80.785,74.268,168.79,1,12.575,10.34,0
124,11,301.48,105.73,68.177,154.95,1,11.117,7.6416,0
124,15,483.09,116.02,62.048,141.02,1,12.098,5.9853,0
124,16,428.62,116.7,67.572,153.57,1,10.11,5.4721,0
124,17,396.34,106.33,65.136,148.04,1,12.312,7.1809,0
125,7,175.17,80.791,74.271,168.8,1,12.572,10.342,0
125,11,278.89,80.779,74.271,168.8,1,12.831,9.0261,0
125,15,481.28,116.06,62.013,140.94,1,12.1,6.0089,0
125,16,424.99,116.79,67.53,153.48,1,10.103,5.5099,0
125,17,399.91,106.23,65.69,149.3,1,12.138,7.0267,0
126,7,174.79,80.799,74.275,168.81,1,12.568,10.345,0
126,11,277.31,94.811,68.016,154.58,1,12.85,9.11,0
126,15,479.3,116.1,61.974,140.85,1,12.102,6.0347,0
126,16,421.23,116.88,67.486,153.38,1,10.095,5.549,0
126,17,403.81,106.13,66.296,150.67,1,11.95,6.8612,0
127,7,174.35,80.808,74.28,168.82,1,12.563,10.348,0
127,11,276.93,94.825,67.999,154.54,1,12.853,9.1177,0
127,15,477.15,116.15,61.931,140.75,1,12.105,6.0628,0
127,16,417.34,116.97,67.44,153.27,1,10.087,5.5896,0
127,17,408.05,106.02,66.955,152.17,1,11.75,6.6844,0
128,7,173.84,80.819,74.285,168.83,1,12.558,10.352,0
128,11,276.51,94.838,67.986,154.51,1,12.855,9.1249,0
128,15,474.85,116.2,61.885,140.65,1,12.108,6.0932,0
128,16,413.32,117.06,67.393,153.17,1,10.078,5.6317,0
128,17,412.66,105.9,67.672,153.8,1,11.537,6.4961,0
129,7,173.27,80.831,74.291,168.84,1,12.552,10.356,0
129,11,276.06,94.851,67.977,154.49,1,12.855,9.1315,0
129,15,472,115.84,62.192,141.35,1,12.049,6.0933,0
129,16,413.58,115.81,68.018,154.59,1,10.058,5.6123,0
129,17,417.64,105.76,68.45,155.57,1,11.311,6.2965,0
130,7,172.62,80.844,74.298,168.86,1,12.545,10.361,0
130,11,275.58,94.865,67.972,154.48,1,12.854,9.1374,0
130,15,472.38,115.84,62.202,141.37,1,12.047,6.0877,0
130,16,413.22,115.82,68.016,154.58,1,10.056,5.6155,0
130,17,423.04,105.62,69.291,157.48,1,11.071,6.0855,0
131,7,171.91,80.859,74.306,168.88,1,12.538,10.366,0
131,11,275.07,94.878,67.97,154.48,1,12.851,9.1428,0
131,15,472.89,115.83,62.215,141.4,1,12.046,6.0805,0
131,16,412.96,115.83,68.016,154.58,1,10.054,5.6177,0
131,17,428.86,105.47,70.201,159.55,1,10.819,5.8631,0
132,7,171.12,80.875,74.314,168.9,1,12.53,10.372,0
132,11,274.53,94.891,67.972,154.48,1,12.847,9.1476,0
132,15,473.52,115.81,62.23,141.43,1,12.044,6.0717,0
132,16,412.78,115.83,68.017,154.59,1,10.053,5.619,0
133,7,170.27,80.893,74.323,168.92,1,12.522,10.378,0
133,11,273.96,94.904,67.977,154.49,1,12.841,9.1518,0
133,15,474.27,115.8,62.247,141.47,1,12.042,6.0614,0
133,16,412.69,115.84,68.02,154.59,1,10.052,5.6193,0
134,7,169.35,80.912,74.332,168.94,1,12.512,10.385,0
134,11,273.36,94.918,67.986,154.51,1,12.834,9.1554,0
134,15,463,115.84,62.192,141.35,1,12.027,6.1923,0
134,16,412.69,115.84,68.023,154.6,1,10.051,5.6187,0
135,7,168.36,80.932,74.342,168.96,1,12.502,10.392,0
135,11,272.72,94.931,67.999,154.54,1,12.825,9.1584,0
135,15,461.38,115.88,62.174,141.3,1,12.024,6.2107,0
135,16,412.77,115.84,68.027,154.61,1,10.05,5.6172,0
136,7,167.31,80.954,74.353,168.99,1,12.492,10.4,0
136,11,272.06,94.944,68.016,154.58,1,12.815,9.1608,0
136,15,459.7,115.92,62.154,141.26,1,12.021,6.2299,0
136,16,412.95,115.83,68.033,154.62,1,10.049,5.6147,0
137,7,166.18,80.977,74.365,169.01,1,12.48,10.408,0
137,11,271.36,94.957,68.036,154.63,1,12.803,9.1626,0
137,15,457.95,115.96,62.133,141.21,1,12.018,6.2499,0
137,16,413.22,115.83,68.039,154.63,1,10.049,5.6113,0
138,7,164.99,81.002,74.377,169.04,1,12.468,10.417,0
138,11,270.63,94.97,68.06,154.68,1,12.79,9.1638,0
138,15,456.15,116,62.111,141.16,1,12.015,6.2707,0
138,16,413.57,115.82,68.047,154.65,1,10.048,5.6069,0
139,7,193.05,94.814,68.018,154.59,1,12.64,10.18,0
139,11,269.87,94.983,68.088,154.74,1,12.775,9.1644,0
139,15,454.28,116.05,62.088,141.11,1,12.012,6.2923,0
139,16,414.02,115.81,68.055,154.67,1,10.048,5.6016,0
139,18,172,84.814,68.018,154.59,1,14.456,11.813,0
140,7,175.81,80.777,74.267,168.79,1,12.577,10.337,0
140,11,269.08,94.996,68.119,154.82,1,12.758,9.1644,0
140,15,452.35,116.09,62.063,141.05,1,12.009,6.3147,0
140,16,414.55,115.8,68.065,154.69,1,10.048,5.5954,0
140,18,172,84.814,68.018,154.59,1,14.456,11.813,0
141,7,174.6,80.812,74.257,168.77,1,12.572,10.351,0
141,11,268.25,95.009,68.154,154.9,1,12.741,9.1638,0
141,15,450.36,116.14,62.038,141,1,12.006,6.338,0
141,16,415.17,115.78,68.076,154.72,1,10.049,5.5883,0
141,18,172,84.814,68.018,154.59,1,14.456,11.813,0
142,7,173.22,80.851,74.246,168.74,1,12.566,10.367,0
142,11,267.4,95.022,68.193,154.98,1,12.721,9.1627,0
142,15,448.31,116.18,62.011,140.93,1,12.003,6.362,0
142,16,415.88,115.77,68.088,154.75,1,10.049,5.5802,0
142,18,172,84.814,68.018,154.59,1,14.456,11.813,0
143,11,266.51,95.035,68.236,155.08,1,12.7,9.1609,0
143,15,446.19,116.23,61.984,140.87,1,12,6.3869,0
143,16,382.46,105.82,68.022,154.6,1,11.358,6.7632,0
143,18,172,84.814,68.018,154.59,1,14.456,11.813,0
144,11,265.59,95.047,68.282,155.19,1,12.678,9.1586,0
144,15,444.01,116.28,61.955,140.81,1,11.997,6.4126,0
144,16,380.84,105.86,67.745,153.97,1,11.439,6.8348,0
144,18,172,84.814,68.018,154.59,1,14.456,11.813,0
145,11,264.63,95.06,68.333,155.3,1,12.654,9.1556,0
145,15,445.7,105.81,68.012,154.57,1,11.516,6.0752,0
145,16,379.19,105.91,67.469,153.34,1,11.521,6.9072,0
145,18,175.31,96.844,62.196,141.36,1,14.7,11.99,0
146,11,263.65,95.073,68.387,155.42,1,12.629,9.1521,0
146,15,444.8,105.84,68.17,154.93,1,11.458,6.0522,0
146,16,377.52,105.96,67.192,152.71,1,11.604,6.9804,0
146,18,175.3,96.856,62.149,141.25,1,14.719,12.005,0
146,19,15.225,115.78,74.268,168.79,1,7.3064,8.4589,0
147,11,262.63,95.086,68.445,155.56,1,12.602,9.1479,0
147,15,443.92,105.86,68.33,155.3,1,11.4,6.0286,0
147,16,375.82,106.01,66.916,152.08,1,11.687,7.0544,0
147,18,175.28,96.87,62.097,141.13,1,14.741,12.021,0
147,19,15.225,115.78,74.268,168.79,1,7.3064,8.4589,0
148,11,261.57,95.099,68.506,155.7,1,12.574,9.1432,0
148,15,443.08,105.88,68.492,155.66,1,11.341,6.0044,0
148,16,374.09,106.06,66.64,151.46,1,11.77,7.1292,0
148,18,175.27,96.884,62.04,141,1,14.764,12.039,0
148,19,15.225,115.78,74.268,168.79,1,7.3064,8.4589,0
149,11,260.48,95.112,68.572,155.85,1,12.544,9.1378,0
149,15,442.26,105.9,68.657,156.04,1,11.283,5.9795,0
149,16,372.34,106.1,66.365,150.83,1,11.854,7.2047,0
149,18,175.26,96.9,61.979,140.86,1,14.79,12.059,0
149,19,356.79,115.87,62.228,141.43,1,11.754,7.3733,0
150,11,259.36,95.124,68.641,156,1,12.512,9.1319,0
150,15,441.46,105.92,68.825,156.42,1,11.223,5.9541,0
150,16,370.56,106.16,66.09,150.2,1,11.938,7.2811,0
150,18,175.26,96.917,61.913,140.71,1,14.817,12.079,0
150,19,349.34,115.8,62.15,141.25,1,11.774,7.4829,0
150,20,451.45,104.89,51.968,118.11,1,18.718,10.235,0
151,11,258.2,95.137,68.715,156.17,1,12.479,9.1254,0
151,15,440.7,105.94,68.995,156.81,1,11.164,5.928,0
151,16,368.75,106.21,65.815,149.58,1,12.022,7.3582,0
151,18,172.11,84.816,68.008,154.56,1,14.46,11.815,0
151,19,347.98,115.83,62.139,141.22,1,11.769,7.498,0
151,20,451.45,104.89,51.968,118.11,1,18.718,10.235,0
152,11,257.01,95.15,68.792,156.35,1,12.445,9.1183,0
152,15,439.96,105.96,69.168,157.2,1,11.104,5.9014,0
152,16,366.92,106.26,65.541,148.96,1,12.107,7.4362,0
152,18,172.28,84.782,68.082,154.73,1,14.434,11.792,0
152,19,341.51,116.01,62.233,141.44,1,11.694,7.5339,0
152,20,451.45,104.89,51.968,118.11,1,18.718,10.235,0
153,11,255.79,95.163,68.874,156.53,1,12.409,9.1105,0
153,15,439.25,105.98,69.344,157.6,1,11.043,5.8741,0
153,16,365.07,106.31,65.267,148.33,1,12.193,7.5149,0
153,18,172.45,84.744,68.163,154.92,1,14.404,11.767,0
153,19,329.89,116.32,62.435,141.9,1,11.547,7.5906,0
153,20,451.45,104.89,51.968,118.11,1,18.718,10.235,0
154,11,254.52,95.176,68.959,156.72,1,12.372,9.1022,0
154,15,438.57,106,69.522,158,1,10.983,5.8462,0
154,16,363.19,106.36,64.993,147.71,1,12.278,7.5944,0
154,18,172.64,84.703,68.252,155.12,1,14.373,11.741,0
154,19,313,116.79,62.746,142.6,1,11.329,7.6682,0
154,20,451.45,104.89,51.968,118.11,1,18.718,10.235,0
155,11,253.23,95.189,69.048,156.93,1,12.333,9.0933,0
155,15,437.91,106.01,69.703,158.42,1,10.922,5.8177,0
155,16,361.29,106.42,64.72,147.09,1,12.364,7.6747,0
155,18,172.85,84.658,68.349,155.34,1,14.338,11.711,0
155,19,290.68,117.4,63.17,143.57,1,11.039,7.7666,0
155,20,339.76,136.86,51.942,118.05,1,12.07,7.8695,0
156,11,251.89,95.201,69.142,157.14,1,12.292,9.0838,0
156,15,437.29,106.03,69.887,158.83,1,10.86,5.7885,0
156,16,359.36,106.47,64.447,146.47,1,12.451,7.7558,0
156,18,173.06,84.61,68.453,155.58,1,14.301,11.68,0
156,19,262.69,118.18,63.71,144.8,1,10.678,7.8859,0
156,20,336.21,137.12,52.252,118.75,1,11.91,7.8126,0
157,11,235.16,94.814,68.018,154.59,1,12.746,9.6408,0
157,15,436.69,106.05,70.074,159.26,1,10.798,5.7588,0
157,16,357.41,106.53,64.175,145.85,1,12.538,7.8377,0
157,18,175.17,96.845,62.207,141.38,1,14.694,11.989,0
157,19,228.74,119.11,64.373,146.3,1,10.246,8.026,0
157,20,332.61,137.39,52.567,119.47,1,11.749,7.7554,0
158,11,235.49,94.808,68.007,154.56,1,12.752,9.6402,0
158,15,436.12,106.06,70.263,159.69,1,10.736,5.7285,0
158,16,355.44,106.58,63.903,145.24,1,12.625,7.9204,0
158,18,174.9,96.879,62.1,141.14,1,14.737,12.025,0
158,19,188.47,120.23,65.167,148.11,1,9.7432,8.1869,0
158,20,328.94,137.66,52.887,120.2,1,11.587,7.6979,0
159,11,245.06,94.817,68.02,154.59,1,12.769,9.5144,0
159,15,435.58,106.07,70.455,160.13,1,10.673,5.6975,0
159,16,353.45,106.64,63.632,144.62,1,12.713,8.0038,0
159,18,174.62,96.914,61.988,140.88,1,14.781,12.062,0
159,19,141.4,121.53,66.1,150.23,1,9.1688,8.3687,0
159,20,325.21,137.93,53.212,120.94,1,11.425,7.6401,0
160,11,246.3,94.781,68.04,154.64,1,12.77,9.4974,0
160,15,433.86,115.85,62.197,141.36,1,11.956,6.514,0
160,16,351.43,106.69,63.362,144,1,12.801,8.0881,0
160,18,174.34,96.951,61.871,140.62,1,14.828,12.102,0
160,19,86.979,123.04,67.184,152.69,1,8.5231,8.5713,0
160,20,336.53,122.89,56.875,129.26,1,12.515,8.1587,0
161,11,247.55,94.745,68.061,154.68,1,12.771,9.4802,0
161,15,432.87,115.84,62.028,140.97,1,12.012,6.5602,0
161,16,349.4,106.75,63.091,143.39,1,12.89,8.1731,0
161,18,174.04,96.989,61.749,140.34,1,14.877,12.144,0
161,20,337.53,122.82,56.716,128.9,1,12.588,8.1925,0
162,11,248.82,94.708,68.082,154.73,1,12.772,9.4625,0
162,15,431.89,115.84,61.858,140.59,1,12.07,6.607,0
162,16,347.34,106.81,62.822,142.78,1,12.979,8.259,0
162,18,173.74,97.028,61.621,140.05,1,14.928,12.187,0
162,20,338.91,122.74,56.519,128.45,1,12.68,8.2332,0
163,11,250.1,94.67,68.105,154.78,1,12.773,9.4445,0
163,15,433.28,131.86,56.84,129.18,1,11.375,6.2205,0
163,16,345.27,106.87,62.553,142.17,1,13.069,8.3456,0
163,18,173.43,97.07,61.489,139.75,1,14.981,12.233,0
163,20,340.66,122.63,56.286,127.92,1,12.79,8.2809,0
164,11,251.41,94.632,68.128,154.84,1,12.774,9.4261,0
164,15,433.2,131.89,56.895,129.31,1,11.352,6.2082,0
164,16,343.17,106.92,62.284,141.56,1,13.158,8.433,0
164,18,173.1,97.112,61.351,139.43,1,15.037,12.28,0
164,20,342.77,122.51,56.016,127.31,1,12.919,8.3354,0
165,11,252.73,94.593,68.153,154.89,1,12.774,9.4074,0
165,15,424.54,105.82,68.028,154.61,1,11.459,6.3011,0
165,16,341.06,106.98,62.017,140.95,1,13.249,8.5212,0
165,18,172.77,97.156,61.209,139.11,1,15.095,12.329,0
165,20,345.23,122.37,55.712,126.62,1,13.066,8.3969,0
166,11,254.07,94.553,68.178,154.95,1,12.775,9.3883,0
166,15,424.56,105.82,68.019,154.59,1,11.462,6.3029,0
166,16,338.92,107.04,61.749,140.34,1,13.339,8.6102,0
166,18,172.43,97.202,61.062,138.78,1,15.156,12.38,0
166,20,348.04,122.22,55.374,125.85,1,13.233,8.4652,0
167,11,255.42,94.513,68.204,155.01,1,12.775,9.3688,0
167,15,424.58,105.81,68.007,154.56,1,11.466,6.305,0
167,16,336.77,107.1,61.483,139.73,1,13.43,8.7,0
167,18,172.09,97.249,60.91,138.43,1,15.218,12.433,0
167,20,328.7,106.84,62.188,141.34,1,13.176,8.6457,0
167,21,95.435,115.78,74.268,168.79,1,7.532,7.643,0
168,11,256.8,94.472,68.23,155.07,1,12.775,9.349,0
168,15,413.62,105.81,68.019,154.59,1,11.436,6.4223,0
168,16,334.6,107.16,61.217,139.13,1,13.522,8.7906,0
168,18,171.73,97.297,60.753,138.07,1,15.283,12.488,0
168,20,328.32,106.85,62.21,141.39,1,13.165,8.6439,0
168,21,106.46,103.78,74.268,168.79,1,8.9816,8.6217,0
169,11,258.19,94.43,68.258,155.13,1,12.775,9.3288,0
169,15,412.97,105.83,68.016,154.58,1,11.433,6.4285,0
169,16,371.5,105.81,68.016,154.58,1,11.333,6.8857,0
169,18,171.37,97.347,60.591,137.71,1,15.351,12.545,0
169,20,318.75,106.84,62.189,141.34,1,13.152,8.7696,0
169,21,118.46,103.78,74.268,168.79,1,9.0145,8.4906,0
170,11,259.6,94.388,68.287,155.2,1,12.774,9.3082,0
170,15,412.2,105.85,68.015,154.58,1,11.428,6.4353,0
170,16,371.84,105.8,68.121,154.82,1,11.301,6.8608,0
170,18,172.06,84.815,68.012,154.57,1,14.458,11.814,0
170,20,318.35,106.85,62.177,141.31,1,13.154,8.7766,0
170,21,119.6,103.75,74.282,168.82,1,9.0176,8.478,0
171,11,261.03,94.345,68.316,155.26,1,12.774,9.2873,0
171,15,411.3,105.87,68.018,154.59,1,11.422,6.4427,0
171,16,372.21,105.79,68.228,155.06,1,11.268,6.8353,0
171,18,172.26,84.759,68.137,154.86,1,14.413,11.777,0
171,20,317.94,106.86,62.162,141.28,1,13.157,8.7846,0
171,21,120.74,103.72,74.295,168.85,1,9.0208,8.4655,0
172,11,262.48,94.302,68.346,155.33,1,12.773,9.266,0
172,15,410.27,105.9,68.023,154.6,1,11.414,6.4507,0
172,16,372.61,105.78,68.338,155.31,1,11.234,6.8091,0
172,18,172.47,84.701,68.266,155.15,1,14.366,11.739,0
172,20,317.51,106.88,62.143,141.23,1,13.162,8.7936,0
172,21,121.89,103.69,74.309,168.88,1,9.024,8.4529,0
173,11,263.94,94.258,68.377,155.4,1,12.772,9.2444,0
173,15,409.12,105.93,68.03,154.61,1,11.404,6.4593,0
173,16,373.03,105.76,68.451,155.57,1,11.2,6.7823,0
173,18,172.69,84.641,68.401,155.46,1,14.318,11.699,0
173,20,317.08,106.89,62.12,141.18,1,13.168,8.8037,0
173,21,118.9,115.81,68.022,154.6,1,9.2847,8.7362,0
174,11,265.43,94.213,68.409,155.48,1,12.771,9.2223,0
174,15,407.84,105.96,68.041,154.64,1,11.393,6.4684,0
174,16,373.48,105.75,68.566,155.83,1,11.166,6.7547,0
174,18,172.91,84.578,68.54,155.77,1,14.268,11.658,0
174,20,316.63,106.9,62.094,141.12,1,13.175,8.8148,0
174,21,118.13,115.83,67.967,154.47,1,9.2965,8.7558,0
174,22,420.8,108.92,43.82,99.592,1,22.878,13.265,0
175,11,266.93,94.168,68.442,155.55,1,12.77,9.2,0
175,15,406.43,105.99,68.053,154.67,1,11.38,6.4781,0
175,16,373.96,105.74,68.684,156.1,1,11.13,6.7265,0
175,18,173.13,84.514,68.685,156.1,1,14.217,11.615,0
175,20,316.17,106.91,62.064,141.05,1,13.183,8.8269,0
175,21,138.86,152.88,51.963,118.1,1,9.24,8.5583,0
175,22,420.8,108.92,43.82,99.592,1,22.878,13.265,0
176,11,268.45,94.121,68.476,155.63,1,12.768,9.1772,0
176,15,404.89,106.03,68.069,154.7,1,11.366,6.4884,0
176,16,374.47,105.72,68.804,156.37,1,11.095,6.6976,0
176,18,173.37,84.447,68.835,156.44,1,14.163,11.572,0
176,20,315.7,106.92,62.031,140.98,1,13.193,8.8401,0
176,21,139.73,152.88,51.987,118.15,1,9.236,8.5438,0
176,22,420.8,108.92,43.82,99.592,1,22.878,13.265,0
177,11,269.99,94.075,68.51,155.7,1,12.767,9.1541,0
177,15,403.23,106.07,68.087,154.74,1,11.349,6.4992,0
177,16,375,105.7,68.928,156.65,1,11.058,6.668,0
177,18,173.61,84.377,68.99,156.8,1,14.109,11.527,0
177,20,315.21,106.94,61.994,140.9,1,13.204,8.8543,0
177,21,140.86,152.88,52.02,118.23,1,9.2297,8.524,0
177,22,414.83,103.9,47.845,108.74,1,21.555,12.55,0
178,11,271.54,94.027,68.546,155.79,1,12.765,9.1306,0
178,15,401.44,106.12,68.108,154.79,1,11.332,6.5107,0
178,16,375.56,105.69,69.053,156.94,1,11.021,6.6378,0
178,18,173.86,84.305,69.15,157.16,1,14.052,11.48,0
178,20,308.35,94.815,68.015,154.58,1,12.925,8.7237,0
178,21,142.26,152.88,52.063,118.33,1,9.2213,8.4992,0
178,22,414.33,103.91,48.026,109.15,1,21.428,12.482,0
179,11,273.12,93.979,68.582,155.87,1,12.763,9.1068,0
179,15,399.52,106.17,68.131,154.84,1,11.312,6.5227,0
179,16,376.14,105.67,69.182,157.23,1,10.984,6.6068,0
179,18,174.11,84.231,69.316,157.54,1,13.994,11.433,0
179,20,309.54,106.85,62.206,141.38,1,13.123,8.88,0
179,21,141.6,103.78,74.263,168.78,1,9.0791,8.2401,0
179,22,413.83,103.91,48.21,109.57,1,21.3,12.413,0
